pose_id,tx,ty,tz,qx,qy,qz,qw
0,0.000000000,0.000000000,0.000000000,0.000000000,0.000000000,0.000000000,1.000000000
1,0.020688600,-0.059716000,0.058815500,-0.002703570,-0.005225580,-0.004909210,0.999971000
2,0.030443700,-0.103674000,0.108365000,-0.004722490,-0.007884390,-0.007670770,0.999928000
3,0.095903900,-0.156271000,0.150369000,-0.004742700,-0.003062710,-0.004155640,0.999975000
4,0.163710000,-0.283338000,0.070273500,-0.008258850,-0.025857800,-0.014671200,0.999524000
5,0.287050000,-0.424441000,0.259487000,-0.004960370,-0.028798600,-0.014863600,0.999462000
6,0.394246000,-0.527498000,0.405288000,0.003235260,-0.015663200,-0.007391170,0.999845000
7,0.486492000,-0.642776000,0.511846000,0.012527700,-0.022327200,-0.017595600,0.999517000
8,0.554828000,-0.774066000,0.624887000,0.017059800,-0.023703700,-0.018706800,0.999398000
9,0.693006000,-0.903536000,0.830103000,0.010925700,-0.015252700,-0.006273690,0.999804000
10,0.771315000,-0.986123000,0.949707000,0.014435500,-0.018684200,-0.010354200,0.999668000
11,0.865689000,-1.111780000,1.157090000,0.012517200,-0.016205100,-0.008360710,0.999755000
12,0.901192000,-1.192150000,1.209090000,0.010012100,-0.012036300,-0.003392860,0.999872000
13,0.937908000,-1.271770000,1.259900000,0.013988700,-0.012342800,-0.006823980,0.999803000
14,1.015100000,-1.427350000,1.380950000,0.015284100,-0.011668000,-0.007274480,0.999789000
15,1.085460000,-1.598830000,1.484650000,0.014272600,-0.010145600,-0.004770720,0.999835000
16,1.158690000,-1.733950000,1.560340000,0.021074400,-0.007886910,-0.007190450,0.999721000
17,1.225020000,-1.868580000,1.671500000,0.021559900,-0.006324520,-0.006622450,0.999726000
18,1.315480000,-2.052550000,1.747810000,0.015066600,-0.006517000,-0.001981530,0.999863000
19,1.393120000,-2.189940000,1.841510000,0.019533200,-0.001056530,0.000554792,0.999808000
20,1.448430000,-2.315400000,1.924640000,0.018846200,0.000052747,0.000124432,0.999822000
21,1.531490000,-2.428870000,2.072340000,0.011599900,-0.006143120,-0.002066990,0.999912000
22,1.633140000,-2.550300000,2.238520000,0.010818800,-0.005915620,-0.001914100,0.999922000
23,1.689090000,-2.666840000,2.353540000,0.011355700,-0.006494310,-0.003208660,0.999909000
24,1.745540000,-2.743710000,2.477910000,0.012276200,-0.008024350,-0.005253330,0.999879000
25,1.792690000,-2.862080000,2.555310000,0.015342900,-0.008714690,-0.008029100,0.999812000
26,1.863780000,-2.955570000,2.694070000,0.014644400,-0.008992600,-0.008565500,0.999816000
27,1.935640000,-3.030910000,2.808290000,0.010836000,-0.008812000,-0.006815240,0.999879000
28,1.976820000,-3.167310000,2.876210000,0.010401500,-0.009381770,-0.007645960,0.999873000
29,1.996510000,-3.261820000,2.944790000,0.011676300,-0.009120760,-0.007874110,0.999859000
30,2.035320000,-3.406230000,3.051970000,0.015459200,-0.007162040,-0.006813430,0.999832000
31,2.090160000,-3.558590000,3.148530000,0.020201900,-0.007389410,-0.009595000,0.999723000
32,2.145040000,-3.678840000,3.254920000,0.021379100,-0.007327000,-0.010192800,0.999693000
33,2.207280000,-3.802990000,3.410510000,0.016041400,-0.007319890,-0.008162910,0.999811000
34,2.258190000,-3.945670000,3.524270000,0.014738300,-0.009750750,-0.011895900,0.999773000
35,2.304100000,-4.088330000,3.592460000,0.015810300,-0.009824000,-0.012507300,0.999749000
36,2.344400000,-4.219340000,3.657990000,0.018792100,-0.007869540,-0.010422500,0.999738000
37,2.390100000,-4.356240000,3.749700000,0.027547200,-0.012454000,-0.019623200,0.999350000
38,2.441100000,-4.499330000,3.865300000,0.032217800,-0.013755500,-0.023089500,0.999119000
39,2.535060000,-4.675430000,4.034070000,0.029996200,-0.009690440,-0.017335700,0.999353000
40,2.586230000,-4.834560000,4.121220000,0.042035300,-0.012971100,-0.029773400,0.998588000
41,2.647290000,-4.971650000,4.256390000,0.041922500,-0.011583500,-0.032091600,0.998538000
42,2.744980000,-5.175760000,4.353090000,0.031835700,-0.007273770,-0.018766800,0.999290000
43,2.819100000,-5.401610000,4.443210000,0.040186000,-0.008720820,-0.024554500,0.998852000
44,2.869430000,-5.562750000,4.554150000,0.041611100,-0.008121270,-0.024349300,0.998804000
45,2.893510000,-5.726630000,4.614030000,0.037597700,-0.006299310,-0.018848700,0.999095000
46,2.917230000,-5.922470000,4.628920000,0.054914000,-0.009816930,-0.028469100,0.998037000
47,2.963640000,-6.084910000,4.734820000,0.056005100,-0.011291900,-0.027918800,0.997976000
48,3.035320000,-6.181530000,4.935190000,0.040869100,-0.007962260,-0.019348600,0.998945000
49,3.107870000,-6.381160000,5.116500000,0.045991600,-0.006730150,-0.026574900,0.998566000
50,3.161210000,-6.510490000,5.146620000,0.044497700,-0.005675920,-0.023837500,0.998709000
51,3.211060000,-6.696530000,5.212730000,0.031758000,-0.002991130,-0.008789200,0.999452000
52,3.269720000,-6.892140000,5.288000000,0.034085500,-0.001872640,-0.002455830,0.999414000
53,3.232490000,-7.060640000,5.361050000,0.031381500,-0.002226190,-0.001564460,0.999504000
54,3.201110000,-7.211390000,5.412490000,0.024985400,-0.003608950,-0.005441750,0.999666000
55,3.227330000,-7.400610000,5.483830000,0.026218700,-0.004994500,-0.011150800,0.999582000
56,3.264600000,-7.572770000,5.534610000,0.026331700,-0.004807010,-0.011191500,0.999579000
57,3.283850000,-7.675100000,5.570750000,0.025782800,-0.003464940,-0.007865640,0.999631000
58,3.302910000,-7.783230000,5.617620000,0.031323900,-0.004914350,-0.016094800,0.999368000
59,3.368470000,-7.995210000,5.719720000,0.029282800,-0.003518490,-0.014009000,0.999467000
60,3.431050000,-8.134600000,5.789640000,0.022311400,-0.000992705,-0.005501870,0.999735000
61,3.452830000,-8.231020000,5.814440000,0.015844100,-0.000833499,-0.007193540,0.999848000
62,3.479290000,-8.379060000,5.821280000,0.014695100,0.000552258,-0.005095050,0.999879000
63,3.519140000,-8.546570000,5.829330000,0.019548700,0.003689110,0.001601410,0.999801000
64,3.584720000,-8.658530000,5.817710000,0.019146700,0.005788990,0.008620380,0.999763000
65,3.666680000,-8.824060000,5.850490000,0.017608800,0.006438480,0.011551600,0.999757000
66,3.752520000,-8.898640000,5.921790000,0.018699100,0.005627260,0.009962870,0.999760000
67,3.847470000,-8.963640000,5.926950000,0.021316400,0.007257530,0.024656000,0.999442000
68,3.900890000,-9.021160000,5.894310000,0.021349000,0.010585800,0.031735900,0.999212000
69,3.976520000,-9.159250000,5.877400000,0.019895100,0.014476200,0.024746700,0.999391000
70,4.106610000,-9.299740000,5.900660000,0.018151000,0.027196000,0.045336600,0.998437000
71,4.244510000,-9.353790000,5.945090000,0.018625000,0.027151000,0.044483600,0.998467000
72,4.348400000,-9.403010000,5.966840000,0.018492700,0.018041000,0.027079200,0.999299000
73,4.423870000,-9.491220000,5.945640000,0.024381300,0.031444600,0.053885900,0.997754000
74,4.556090000,-9.552020000,5.951900000,0.025905400,0.032032200,0.055125300,0.997629000
75,4.679010000,-9.650990000,5.950110000,0.018552600,0.021526700,0.028682700,0.999185000
76,4.787460000,-9.774620000,5.935230000,0.022601600,0.031707500,0.044441400,0.998253000
77,4.905450000,-9.848530000,5.938600000,0.019000200,0.028180800,0.036660000,0.998750000
78,5.000720000,-9.876350000,5.923540000,0.010436200,0.015590900,0.013373700,0.999735000
79,5.092730000,-9.971710000,5.915570000,0.015405100,0.019509200,0.025429800,0.999367000
80,5.166650000,-10.018000000,5.882450000,0.012959800,0.021123600,0.023540000,0.999416000
81,5.246760000,-10.074700000,5.883670000,0.005935590,0.015601600,0.005836740,0.999844000
82,5.343310000,-10.178100000,5.894820000,0.011598200,0.019136200,0.016492100,0.999614000
83,5.428360000,-10.249300000,5.873620000,0.009502580,0.017446100,0.012604000,0.999723000
84,5.528930000,-10.310300000,5.849030000,0.000266430,0.009517290,-0.005936120,0.999937000
85,5.632270000,-10.387500000,5.839850000,0.002346080,0.009408340,-0.000760610,0.999953000
86,5.734670000,-10.448000000,5.810480000,0.001304610,0.008024430,-0.004199120,0.999958000
87,5.829300000,-10.473600000,5.774600000,-0.002104920,0.006032810,-0.013615000,0.999887000
88,5.965330000,-10.540400000,5.735750000,-0.001888430,0.007078240,-0.012263200,0.999898000
89,6.134800000,-10.609300000,5.686100000,-0.001672210,0.008115970,-0.010901900,0.999906000
90,6.238500000,-10.638700000,5.678500000,-0.001455840,0.009153460,-0.009537130,0.999912000
91,6.392630000,-10.657300000,5.642820000,-0.001240000,0.010185800,-0.008172310,0.999914000
92,6.528140000,-10.671900000,5.574400000,-0.001025480,0.011206400,-0.006807800,0.999914000
93,6.638510000,-10.665900000,5.531440000,-0.000811944,0.012219900,-0.005447020,0.999910000
94,6.830200000,-10.651900000,5.564000000,-0.000597776,0.013242000,-0.004093430,0.999904000
95,7.043670000,-10.619400000,5.557150000,-0.000384020,0.014265500,-0.002751160,0.999894000
96,7.181110000,-10.591700000,5.546310000,-0.000170732,0.015288400,-0.001417530,0.999882000
97,7.306200000,-10.559700000,5.523360000,0.000041772,0.016308400,-0.000093085,0.999867000
98,7.451430000,-10.528800000,5.467140000,0.000252743,0.017319100,0.001221880,0.999849000
99,7.598490000,-10.497800000,5.436400000,0.000462776,0.018325500,0.002527320,0.999829000
100,7.707430000,-10.486300000,5.385070000,0.000671537,0.019323100,0.003827960,0.999806000
101,7.865810000,-10.447600000,5.330440000,0.000878733,0.020311900,0.005117280,0.999780000
102,8.052490000,-10.424300000,5.269330000,0.001084350,0.021291000,0.006397640,0.999752000
103,8.167090000,-10.400000000,5.231320000,0.001288900,0.022264000,0.007670550,0.999722000
104,8.338610000,-10.363300000,5.151310000,0.001491280,0.023223300,0.008932220,0.999689000
105,8.483840000,-10.337800000,5.077510000,0.001691700,0.024170000,0.010185400,0.999655000
106,8.649200000,-10.288100000,5.060030000,0.001891420,0.025115100,0.011425000,0.999617000
107,8.816160000,-10.287900000,4.976450000,0.002089120,0.026045900,0.012660700,0.999578000
108,8.934560000,-10.290200000,4.906240000,0.002285120,0.026964300,0.013893900,0.999537000
109,9.125970000,-10.275000000,4.839920000,0.002479430,0.027872000,0.015119700,0.999494000
110,9.227900000,-10.261500000,4.780180000,0.002672160,0.028769200,0.016340400,0.999449000
111,9.422440000,-10.244200000,4.652450000,0.002861560,0.029643800,0.017553200,0.999402000
112,9.560420000,-10.240700000,4.579860000,0.003049120,0.030505700,0.018761900,0.999354000
113,9.731360000,-10.238500000,4.497470000,0.003234600,0.031353600,0.019966200,0.999304000
114,9.879290000,-10.204200000,4.412750000,0.003417700,0.032186600,0.021160300,0.999252000
115,10.045500000,-10.187300000,4.316950000,0.003598240,0.033002900,0.022347200,0.999199000
116,10.211700000,-10.193400000,4.217300000,0.003776220,0.033801600,0.023531300,0.999144000
117,10.340100000,-10.180500000,4.120940000,0.003951580,0.034583000,0.024709800,0.999088000
118,10.483600000,-10.156500000,4.079110000,0.004125780,0.035357900,0.025880300,0.999031000
119,10.698200000,-10.103100000,4.048720000,0.004299070,0.036129400,0.027035100,0.998972000
120,10.921000000,-10.055300000,4.017430000,0.004471470,0.036897400,0.028175400,0.998912000
121,11.128100000,-10.015800000,3.968180000,0.004642490,0.037658300,0.029303000,0.998850000
122,11.284000000,-9.991140000,3.925210000,0.004812340,0.038412500,0.030422100,0.998787000
123,11.439200000,-9.959750000,3.886150000,0.004981080,0.039160900,0.031531400,0.998723000
124,11.584400000,-9.920800000,3.840740000,0.005148480,0.039902200,0.032629600,0.998657000
125,11.778000000,-9.865590000,3.807180000,0.005314890,0.040639100,0.033712300,0.998591000
126,11.992500000,-9.837850000,3.764110000,0.005480170,0.041370200,0.034784600,0.998523000
127,12.153400000,-9.785190000,3.748450000,0.005644990,0.042100100,0.035842700,0.998454000
128,12.324900000,-9.757390000,3.641390000,0.005806680,0.042811100,0.036891300,0.998385000
129,12.560300000,-9.672660000,3.607340000,0.005967330,0.043518200,0.037917800,0.998315000
130,12.860200000,-9.586130000,3.530340000,0.006125740,0.044213800,0.038920200,0.998245000
131,13.060600000,-9.560050000,3.439220000,0.006281530,0.044893900,0.039912800,0.998174000
132,13.315200000,-9.507400000,3.380770000,0.006435700,0.045565700,0.040889100,0.998103000
133,13.528800000,-9.506930000,3.298640000,0.006587630,0.046224100,0.041860200,0.998032000
134,13.702200000,-9.488890000,3.216610000,0.006737200,0.046868400,0.042823800,0.997960000
135,13.879100000,-9.480790000,3.124710000,0.006884100,0.047497000,0.043781600,0.997888000
136,14.101900000,-9.469240000,3.009270000,0.007027660,0.048105700,0.044731800,0.997815000
137,14.287200000,-9.447590000,2.952350000,0.007169640,0.048705500,0.045673500,0.997743000
138,14.460700000,-9.427710000,2.888220000,0.007309780,0.049294800,0.046607200,0.997669000
139,14.632300000,-9.415930000,2.791410000,0.007447050,0.049867300,0.047534600,0.997596000
140,14.917500000,-9.386120000,2.709870000,0.007582070,0.050427300,0.048449400,0.997523000
141,15.068300000,-9.380940000,2.749930000,0.007718660,0.050996900,0.049359600,0.997448000
142,15.265100000,-9.349950000,2.644860000,0.007852060,0.051548300,0.050259200,0.997374000
143,15.524500000,-9.357250000,2.500200000,0.007981150,0.052074700,0.051154100,0.997300000
144,15.745600000,-9.364800000,2.370080000,0.008106340,0.052578400,0.052045300,0.997227000
145,15.987400000,-9.380350000,2.225380000,0.008227160,0.053056900,0.052934000,0.997154000
146,16.307200000,-9.347620000,2.195590000,0.008347520,0.053533400,0.053808700,0.997080000
147,16.541800000,-9.354530000,2.142430000,0.008466530,0.054002300,0.054679300,0.997007000
148,16.815000000,-9.388310000,2.049350000,0.008582960,0.054456400,0.055550100,0.996933000
149,16.980700000,-9.392430000,1.991410000,0.008697740,0.054901200,0.056417900,0.996859000
150,17.170300000,-9.407280000,1.920750000,0.008810490,0.055334600,0.057284100,0.996784000
151,17.390400000,-9.417070000,1.827980000,0.008920480,0.055752500,0.058147100,0.996710000
152,17.522500000,-9.400480000,1.770510000,0.009028720,0.056160800,0.059003700,0.996636000
153,17.679600000,-9.365150000,1.691750000,0.009134490,0.056555700,0.059849800,0.996562000
154,17.812500000,-9.309480000,1.608680000,0.009237560,0.056935900,0.060681800,0.996489000
155,17.885900000,-9.246390000,1.548880000,0.009338610,0.057305300,0.061499600,0.996417000
156,17.947000000,-9.163050000,1.483120000,0.009437370,0.057662500,0.062299700,0.996346000
157,18.001100000,-9.056490000,1.413100000,0.009533650,0.058006600,0.063077700,0.996276000
158,18.032500000,-8.973010000,1.362300000,0.009628120,0.058341200,0.063838500,0.996207000
159,18.040100000,-8.855340000,1.294670000,0.009720080,0.058662500,0.064576000,0.996140000
160,18.029400000,-8.758840000,1.241960000,0.009810060,0.058973300,0.065294900,0.996074000
161,18.002800000,-8.622280000,1.162550000,0.009897010,0.059268300,0.065987600,0.996010000
162,17.970300000,-8.516050000,1.087850000,0.009981120,0.059548200,0.066660300,0.995947000
163,17.910900000,-8.350920000,0.973657000,0.010060900,0.059805100,0.067302000,0.995888000
164,17.850800000,-8.194460000,0.861950000,0.010136300,0.060039400,0.067914400,0.995831000
165,17.801000000,-8.077250000,0.765956000,0.010208100,0.060254300,0.068505100,0.995777000
166,17.755600000,-7.985990000,0.702257000,0.010277400,0.060456200,0.069078900,0.995725000
167,17.677200000,-7.854710000,0.628257000,0.010343700,0.060642700,0.069628800,0.995674000
168,17.582000000,-7.664530000,0.539902000,0.010406600,0.060810700,0.070143800,0.995627000
169,17.517400000,-7.501320000,0.456927000,0.010466100,0.060961600,0.070628200,0.995583000
170,17.436600000,-7.346780000,0.360402000,0.010521800,0.061092600,0.071084300,0.995542000
171,17.346100000,-7.195150000,0.241690000,0.010572900,0.061199400,0.071512900,0.995504000
172,17.246900000,-7.039630000,0.138130000,0.010619800,0.061284800,0.071913300,0.995470000
173,17.145400000,-6.831970000,0.023930400,0.010662300,0.061346600,0.072275500,0.995439000
174,17.063300000,-6.651340000,-0.047153200,0.010701800,0.061393400,0.072604200,0.995412000
175,16.984000000,-6.488550000,-0.123705000,0.010738200,0.061424200,0.072902900,0.995388000
176,16.906600000,-6.296260000,-0.217847000,0.010770900,0.061435700,0.073165700,0.995367000
177,16.838600000,-6.173250000,-0.303142000,0.010800200,0.061429700,0.073406100,0.995350000
178,16.771200000,-6.038670000,-0.370501000,0.010826800,0.061409700,0.073621800,0.995335000
179,16.724800000,-5.911390000,-0.425566000,0.010851200,0.061378300,0.073813600,0.995322000
180,16.642000000,-5.736330000,-0.497533000,0.010872600,0.061331700,0.073973100,0.995313000
181,16.585900000,-5.632070000,-0.551801000,0.010891900,0.061273900,0.074113500,0.995306000
182,16.523600000,-5.495750000,-0.623638000,0.010908200,0.061201300,0.074228700,0.995302000
183,16.455300000,-5.353170000,-0.720238000,0.010920800,0.061108900,0.074317600,0.995301000
184,16.397300000,-5.222970000,-0.825159000,0.010929100,0.060995400,0.074382400,0.995303000
185,16.320800000,-5.095260000,-0.910172000,0.010934100,0.060864400,0.074424000,0.995308000
186,16.258300000,-5.012260000,-0.962282000,0.010936900,0.060722500,0.074450900,0.995314000
187,16.194800000,-4.880680000,-1.038120000,0.010936700,0.060564900,0.074453500,0.995324000
188,16.144200000,-4.754270000,-1.121280000,0.010933200,0.060390500,0.074432600,0.995336000
189,16.099600000,-4.662460000,-1.185960000,0.010927000,0.060203000,0.074394800,0.995350000
190,16.036400000,-4.545300000,-1.276660000,0.010917300,0.059997000,0.074335500,0.995367000
191,15.988900000,-4.459800000,-1.351650000,0.010904500,0.059775800,0.074260700,0.995386000
192,15.929300000,-4.351320000,-1.438060000,0.010888400,0.059537000,0.074166000,0.995408000
193,15.840000000,-4.198650000,-1.558430000,0.010867300,0.059273600,0.074043600,0.995433000
194,15.762500000,-4.038900000,-1.647620000,0.010842700,0.058991900,0.073891800,0.995461000
195,15.668900000,-3.863910000,-1.754730000,0.010813600,0.058688100,0.073707900,0.995493000
196,15.570600000,-3.727070000,-1.875900000,0.010779700,0.058359500,0.073499600,0.995528000
197,15.505900000,-3.611780000,-1.980880000,0.010741600,0.058009700,0.073270300,0.995566000
198,15.448500000,-3.485640000,-2.080600000,0.010699500,0.057639700,0.073017600,0.995606000
199,15.380100000,-3.355240000,-2.169300000,0.010653800,0.057251600,0.072741000,0.995649000
200,15.320200000,-3.243100000,-2.246570000,0.010605000,0.056847600,0.072443900,0.995695000
201,15.248700000,-3.115730000,-2.351570000,0.010551900,0.056422300,0.072123600,0.995743000
202,15.176100000,-2.998200000,-2.458310000,0.010494600,0.055975200,0.071781900,0.995793000
203,15.104600000,-2.860050000,-2.601150000,0.010431600,0.055499500,0.071415000,0.995847000
204,15.021100000,-2.690340000,-2.733460000,0.010363200,0.054996900,0.071016800,0.995904000
205,14.942600000,-2.517020000,-2.839570000,0.010290500,0.054472700,0.070586500,0.995964000
206,14.859400000,-2.372360000,-2.942180000,0.010213600,0.053927300,0.070129800,0.996027000
207,14.762800000,-2.220590000,-3.110250000,0.010130000,0.053348000,0.069645700,0.996093000
208,14.695500000,-2.080930000,-3.230510000,0.010041500,0.052744500,0.069135900,0.996161000
209,14.634200000,-1.941450000,-3.328640000,0.009949080,0.052120900,0.068600200,0.996232000
210,14.554800000,-1.759680000,-3.449160000,0.009851690,0.051472900,0.068030700,0.996306000
211,14.520600000,-1.659310000,-3.518230000,0.009751470,0.050810900,0.067442400,0.996381000
212,14.464800000,-1.518740000,-3.631460000,0.009646690,0.050126000,0.066827800,0.996458000
213,14.434100000,-1.446860000,-3.714190000,0.009538660,0.049424700,0.066199800,0.996536000
214,14.363300000,-1.309460000,-3.854290000,0.009425060,0.048695100,0.065546600,0.996616000
215,14.296800000,-1.206790000,-3.947060000,0.009307690,0.047946600,0.064874900,0.996697000
216,14.246900000,-1.136380000,-4.011000000,0.009187730,0.047184900,0.064190400,0.996779000
217,14.194800000,-1.064210000,-4.069140000,0.009065350,0.046411200,0.063493000,0.996861000
218,14.122300000,-0.973275000,-4.124370000,0.008940580,0.045625800,0.062779400,0.996944000
219,14.039300000,-0.896411000,-4.156280000,0.008814250,0.044833100,0.062052700,0.997026000
220,13.886700000,-0.817103000,-4.176750000,0.008686640,0.044034400,0.061313800,0.997109000
221,13.761800000,-0.768475000,-4.185190000,0.008558310,0.043232500,0.060568300,0.997191000
222,13.651700000,-0.719414000,-4.185140000,0.008429600,0.042429100,0.059815700,0.997272000
223,13.500500000,-0.662167000,-4.186050000,0.008300360,0.041623700,0.059055200,0.997352000
224,13.385600000,-0.629025000,-4.182510000,0.008170910,0.040817400,0.058290900,0.997431000
225,13.235200000,-0.609602000,-4.166030000,0.008041680,0.040012500,0.057526200,0.997509000
226,13.102500000,-0.617807000,-4.136440000,0.007913270,0.039211700,0.056766100,0.997586000
227,12.977200000,-0.648458000,-4.081620000,0.007786680,0.038420000,0.056014800,0.997660000
228,12.757200000,-0.660059000,-3.977790000,0.007663340,0.037645800,0.055270800,0.997732000
229,12.530200000,-0.659874000,-3.837980000,0.007544400,0.036895900,0.054531900,0.997802000
230,12.310300000,-0.651114000,-3.731060000,0.007428700,0.036164200,0.053796300,0.997869000
231,12.079500000,-0.658323000,-3.623860000,0.007316290,0.035450400,0.053067400,0.997935000
232,11.899800000,-0.658144000,-3.553640000,0.007205980,0.034748100,0.052342500,0.997998000
233,11.709900000,-0.672351000,-3.456220000,0.007098720,0.034062400,0.051624700,0.998060000
234,11.534800000,-0.657882000,-3.353830000,0.006994540,0.033394500,0.050908100,0.998120000
235,11.358800000,-0.656499000,-3.236560000,0.006893990,0.032747200,0.050195100,0.998179000
236,11.141600000,-0.662110000,-3.101240000,0.006797640,0.032123600,0.049488200,0.998235000
237,10.977600000,-0.669883000,-3.050700000,0.006702780,0.031507800,0.048786600,0.998290000
238,10.807300000,-0.655187000,-3.001100000,0.006609220,0.030899600,0.048086000,0.998343000
239,10.634500000,-0.651409000,-2.936930000,0.006517500,0.030301700,0.047388600,0.998396000
240,10.470400000,-0.627169000,-2.859180000,0.006427940,0.029717000,0.046690200,0.998447000
241,10.349500000,-0.615972000,-2.800780000,0.006340040,0.029142100,0.045992300,0.998496000
242,10.202600000,-0.607718000,-2.758090000,0.006253270,0.028573700,0.045296200,0.998545000
243,10.003700000,-0.625673000,-2.698940000,0.006168280,0.028014400,0.044608100,0.998593000
244,9.789170000,-0.647072000,-2.680550000,0.006083750,0.027456000,0.043929300,0.998639000
245,9.618840000,-0.659902000,-2.625820000,0.006000860,0.026906300,0.043256800,0.998684000
246,9.451400000,-0.640957000,-2.557440000,0.005919800,0.026367800,0.042584500,0.998727000
247,9.293700000,-0.621880000,-2.481210000,0.005840830,0.025842200,0.041912000,0.998770000
248,9.128480000,-0.607725000,-2.420540000,0.005763470,0.025326400,0.041240500,0.998812000
249,8.928150000,-0.606776000,-2.370920000,0.005687440,0.024817800,0.040573500,0.998852000
250,8.713860000,-0.582402000,-2.350990000,0.005611620,0.024310500,0.039906600,0.998892000
251,8.595060000,-0.575604000,-2.312220000,0.005536820,0.023809200,0.039241100,0.998931000
252,8.416200000,-0.549360000,-2.260220000,0.005463240,0.023315900,0.038574600,0.998969000
253,8.250640000,-0.552013000,-2.222890000,0.005390660,0.022827800,0.037912500,0.999006000
254,8.148880000,-0.569680000,-2.240880000,0.005317560,0.022335000,0.037256100,0.999042000
255,8.015720000,-0.591006000,-2.285850000,0.005243120,0.021831800,0.036607000,0.999077000
256,7.908800000,-0.616449000,-2.293260000,0.005168550,0.021325800,0.035965400,0.999112000
257,7.732000000,-0.649333000,-2.289990000,0.005094180,0.020818400,0.035334400,0.999146000
258,7.571800000,-0.665605000,-2.284250000,0.005019970,0.020310100,0.034710200,0.999178000
259,7.401480000,-0.650800000,-2.236240000,0.004946920,0.019809000,0.034087100,0.999210000
260,7.238320000,-0.614479000,-2.091730000,0.004877740,0.019334200,0.033460500,0.999241000
261,7.113530000,-0.578491000,-1.979690000,0.004811490,0.018879600,0.032829700,0.999271000
262,6.997810000,-0.537069000,-1.910020000,0.004746840,0.018437200,0.032193500,0.999300000
263,6.839230000,-0.513160000,-1.847470000,0.004683710,0.018005100,0.031556200,0.999329000
264,6.683980000,-0.511037000,-1.817760000,0.004621310,0.017576900,0.030922000,0.999357000
265,6.503760000,-0.509603000,-1.794920000,0.004559410,0.017150900,0.030291800,0.999384000
266,6.311720000,-0.524635000,-1.772740000,0.004498150,0.016726900,0.029668900,0.999410000
267,6.107480000,-0.500179000,-1.701140000,0.004438590,0.016314400,0.029046000,0.999435000
268,5.922440000,-0.471444000,-1.639730000,0.004380410,0.015911600,0.028421700,0.999460000
269,5.701660000,-0.452574000,-1.558260000,0.004324240,0.015522000,0.027798700,0.999484000
270,5.486590000,-0.425902000,-1.488600000,0.004269680,0.015143300,0.027175500,0.999507000
271,5.247140000,-0.415894000,-1.404980000,0.004217240,0.014778100,0.026555900,0.999529000
272,5.059250000,-0.373409000,-1.343050000,0.004166040,0.014422600,0.025932300,0.999551000
273,4.861380000,-0.343236000,-1.271460000,0.004116450,0.014078700,0.025307300,0.999572000
274,4.725440000,-0.318288000,-1.210470000,0.004068250,0.013745000,0.024680500,0.999593000
275,4.572970000,-0.279120000,-1.137700000,0.004021630,0.013423700,0.024049600,0.999613000
276,4.407110000,-0.264585000,-1.064290000,0.003976810,0.013114700,0.023419600,0.999632000
277,4.226930000,-0.246466000,-1.027940000,0.003932730,0.012810500,0.022790300,0.999650000
278,3.994270000,-0.240805000,-0.989466000,0.003889510,0.012511100,0.022165200,0.999668000
279,3.862400000,-0.227316000,-0.964435000,0.003846780,0.012214900,0.021540500,0.999686000
280,3.705360000,-0.200199000,-0.922654000,0.003804840,0.011924900,0.020914200,0.999703000
281,3.542670000,-0.182057000,-0.858026000,0.003764400,0.011645600,0.020288000,0.999719000
282,3.395110000,-0.154631000,-0.799729000,0.003725200,0.011375900,0.019659900,0.999735000
283,3.239930000,-0.124520000,-0.736782000,0.003687320,0.011116500,0.019029400,0.999750000
284,3.105230000,-0.106442000,-0.688622000,0.003650480,0.010864900,0.018398500,0.999765000
285,2.970780000,-0.089861500,-0.661791000,0.003614140,0.010617000,0.017767500,0.999779000
286,2.847590000,-0.080664400,-0.651062000,0.003577920,0.010369500,0.017137500,0.999793000
287,2.610620000,-0.089179700,-0.629737000,0.003542260,0.010123400,0.016514700,0.999806000
288,2.390800000,-0.085941600,-0.624310000,0.003506600,0.009875650,0.015896300,0.999819000
289,2.175260000,-0.069080300,-0.580175000,0.003471850,0.009633870,0.015279700,0.999831000
290,1.915380000,-0.022513100,-0.509260000,0.003438360,0.009402770,0.014659900,0.999842000
291,1.715450000,0.009122170,-0.453070000,0.003405920,0.009180210,0.014038600,0.999854000
292,1.577610000,0.024897900,-0.427161000,0.003373940,0.008961020,0.013417300,0.999864000
293,1.436410000,0.036764600,-0.408378000,0.003342270,0.008743760,0.012797000,0.999874000
294,1.326190000,0.054901400,-0.407168000,0.003310400,0.008525390,0.012175700,0.999884000
295,1.216580000,0.081930900,-0.412202000,0.003278060,0.008304670,0.011551700,0.999893000
296,1.106640000,0.116164000,-0.414546000,0.003245270,0.008082120,0.010923500,0.999902000
297,0.959808000,0.162955000,-0.407973000,0.003212090,0.007859040,0.010289500,0.999911000
298,0.699802000,0.224910000,-0.355073000,0.003179500,0.007643100,0.009649430,0.999919000
299,0.548094000,0.230825000,-0.313156000,0.003147850,0.007433510,0.009011690,0.999927000
300,0.437333000,0.212812000,-0.269955000,0.003117450,0.007231040,0.008380050,0.999934000
301,0.337061000,0.190475000,-0.220791000,0.003088490,0.007036980,0.007755090,0.999940000
302,0.200094000,0.154319000,-0.163353000,0.003061310,0.006852510,0.007140400,0.999946000
303,0.107933000,0.109186000,-0.111990000,0.003035870,0.006676990,0.006536680,0.999952000
304,0.011979500,0.024513500,-0.033204000,0.003013270,0.006515780,0.005951780,0.999957000
305,-0.007152740,-0.009372490,-0.019568800,0.005001770,0.016813700,0.013864000,0.999750000
306,0.019640500,-0.077928100,0.047863400,0.005250780,0.022374400,0.017643900,0.999580000
307,0.106779000,-0.177011000,0.161206000,0.004069820,0.016035000,0.012169600,0.999789000
308,0.253934000,-0.293344000,0.247848000,0.008819190,0.021716500,0.020516000,0.999515000
309,0.327742000,-0.430629000,0.358293000,0.006112340,0.015802100,0.019266400,0.999671000
310,0.384109000,-0.508400000,0.421208000,-0.000855899,0.002389710,0.012435900,0.999919000
311,0.459261000,-0.616705000,0.571717000,-0.005923120,0.007469570,0.024709400,0.999649000
312,0.602640000,-0.789652000,0.729125000,-0.004114150,0.004309190,0.021678100,0.999747000
313,0.687910000,-0.913629000,0.831041000,0.001918920,-0.004051220,0.008788720,0.999951000
314,0.784228000,-1.028200000,1.018490000,0.000216921,-0.002232380,0.011099700,0.999936000
315,0.844795000,-1.136850000,1.162480000,0.001941170,-0.004430870,0.008938220,0.999948000
316,0.896474000,-1.197080000,1.214720000,0.004576620,-0.008544640,0.003652350,0.999946000
317,0.983129000,-1.349600000,1.362120000,0.002866250,-0.008935380,0.005090180,0.999943000
318,1.052480000,-1.494170000,1.466690000,0.003477690,-0.010151400,0.003836890,0.999935000
319,1.086460000,-1.598860000,1.494910000,0.004729160,-0.011587500,0.000999786,0.999921000
320,1.145500000,-1.737980000,1.550440000,-0.002150200,-0.013938600,0.003387890,0.999895000
321,1.249620000,-1.865840000,1.646020000,-0.003262620,-0.014299600,0.002046080,0.999890000
322,1.298740000,-2.050990000,1.745880000,0.003152600,-0.014309600,-0.002466460,0.999890000
323,1.416020000,-2.195550000,1.824850000,-0.001600520,-0.019577600,-0.005610770,0.999791000
324,1.502680000,-2.322150000,1.976230000,0.000618403,-0.017291400,-0.006581850,0.999829000
325,1.538160000,-2.434640000,2.056280000,0.007630510,-0.011240000,-0.004505470,0.999898000
326,1.628480000,-2.526420000,2.263830000,0.009224950,-0.010618100,-0.005166690,0.999888000
327,1.731990000,-2.604730000,2.375760000,0.010286200,-0.010245900,-0.005497390,0.999879000
328,1.751170000,-2.735490000,2.482430000,0.009653050,-0.008408450,-0.003736830,0.999911000
329,1.823430000,-2.843840000,2.603190000,0.008391830,-0.007539630,-0.002084340,0.999934000
330,1.885360000,-3.010780000,2.664300000,0.007697150,-0.007117080,-0.002201290,0.999943000
331,1.935360000,-3.027450000,2.793830000,0.011136500,-0.006911640,-0.003973600,0.999906000
332,1.945230000,-3.096310000,2.887160000,0.015608000,-0.004299870,-0.002021080,0.999867000
333,1.998990000,-3.297650000,3.028460000,0.016234700,-0.004014850,-0.001819060,0.999858000
334,2.032440000,-3.399330000,3.060520000,0.013238600,-0.005318600,-0.002756800,0.999894000
335,2.091080000,-3.522780000,3.146990000,0.009386550,-0.004629680,-0.000360032,0.999945000
336,2.141110000,-3.683050000,3.234270000,0.006915610,-0.004291840,0.000616625,0.999967000
337,2.208290000,-3.792080000,3.397750000,0.011843700,-0.003945190,-0.001461830,0.999921000
338,2.245380000,-3.937690000,3.526910000,0.013989900,-0.000155996,0.003533020,0.999896000
339,2.305880000,-4.075080000,3.606240000,0.015109500,0.000502587,0.004026860,0.999878000
340,2.352540000,-4.227290000,3.669640000,0.012827900,-0.001223930,0.001407400,0.999916000
341,2.437420000,-4.369190000,3.836180000,0.009896330,0.001332610,0.007287690,0.999924000
342,2.476410000,-4.456360000,3.916650000,0.010156500,0.001512680,0.009137110,0.999906000
343,2.543890000,-4.673190000,4.048840000,0.013573900,-0.002314410,0.003015230,0.999901000
344,2.592850000,-4.828770000,4.136530000,0.002724120,0.001173330,0.015449000,0.999876000
345,2.682790000,-4.995950000,4.246320000,0.002446420,0.001267540,0.014351200,0.999893000
346,2.740680000,-5.192400000,4.356400000,0.013143000,-0.002449690,0.001017900,0.999910000
347,2.819690000,-5.441330000,4.479180000,0.006899120,-0.001187100,0.006088000,0.999957000
348,2.885970000,-5.598500000,4.596140000,0.007668390,-0.001776420,0.004805060,0.999957000
349,2.900960000,-5.720430000,4.630810000,0.012194600,-0.003040500,-0.000314528,0.999921000
350,2.948150000,-5.892170000,4.718480000,-0.002802450,-0.000854756,0.009878440,0.999947000
351,3.003200000,-6.047440000,4.822930000,-0.002093480,-0.000056358,0.009890510,0.999949000
352,3.034620000,-6.172700000,4.922930000,0.012022000,-0.002057070,0.002314120,0.999923000
353,3.086590000,-6.351090000,5.048890000,0.001069670,-0.000029202,0.012987100,0.999915000
354,3.149140000,-6.544180000,5.160800000,0.004922560,-0.001239020,0.010135800,0.999936000
355,3.187290000,-6.701450000,5.201830000,0.017228800,-0.003162470,-0.002818440,0.999843000
356,3.186720000,-6.848300000,5.238760000,0.012016000,-0.004532850,-0.004475720,0.999908000
357,3.227450000,-7.095590000,5.307310000,0.011929200,-0.004301210,-0.003632200,0.999913000
358,3.220070000,-7.232690000,5.413360000,0.018665800,-0.001928460,0.000319000,0.999824000
359,3.236330000,-7.419970000,5.492130000,0.017748700,0.000180485,0.006184380,0.999823000
360,3.267840000,-7.572650000,5.547720000,0.017817100,0.000568158,0.007049650,0.999816000
361,3.291560000,-7.681660000,5.584440000,0.018594000,-0.000166811,0.004344780,0.999818000
362,3.323170000,-7.835730000,5.644160000,0.015099400,0.001705520,0.010948700,0.999825000
363,3.366990000,-7.980870000,5.702960000,0.017021900,0.002175120,0.010490200,0.999798000
364,3.418650000,-8.116610000,5.760130000,0.023974700,0.001690920,0.003633860,0.999705000
365,3.412720000,-8.318460000,5.799140000,0.026917500,0.004333300,0.005705860,0.999612000
366,3.431310000,-8.423580000,5.820350000,0.026591200,0.005802500,0.005113820,0.999616000
367,3.512840000,-8.577360000,5.849070000,0.021417600,0.003525590,-0.001005090,0.999764000
368,3.574210000,-8.693010000,5.875600000,0.019450000,0.002122080,-0.007674790,0.999779000
369,3.637580000,-8.794780000,5.894340000,0.018251800,0.001877840,-0.011101000,0.999770000
370,3.730480000,-8.906630000,5.916280000,0.017815000,0.003342500,-0.009681260,0.999789000
371,3.808680000,-9.007370000,5.924670000,0.015687500,0.002512460,-0.023717900,0.999592000
372,3.930430000,-9.112910000,5.910050000,0.014933900,0.001401150,-0.022020000,0.999645000
373,3.983630000,-9.182280000,5.903790000,0.014833800,0.000190142,-0.012069300,0.999817000
374,4.120040000,-9.263710000,5.926450000,0.010489500,-0.009321350,-0.031165500,0.999416000
375,4.208590000,-9.336410000,5.963150000,0.006365700,-0.010447900,-0.034886800,0.999316000
376,4.330760000,-9.407200000,5.971650000,0.006312610,-0.001632890,-0.018550300,0.999807000
377,4.416270000,-9.480060000,5.968700000,-0.003894550,-0.012651900,-0.046406700,0.998835000
378,4.544690000,-9.561360000,5.964800000,-0.006375610,-0.012213000,-0.047320500,0.998785000
379,4.670870000,-9.642580000,5.957840000,-0.000671623,-0.000827088,-0.021627600,0.999766000
380,4.783400000,-9.710660000,5.928400000,-0.010589500,-0.011192100,-0.043933700,0.998916000
381,4.839690000,-9.782900000,5.943840000,-0.014640900,-0.013453600,-0.050811200,0.998510000
382,4.996550000,-9.869100000,5.914420000,-0.005568750,-0.001266990,-0.027596600,0.999603000
383,5.088930000,-9.932780000,5.903060000,-0.012301600,-0.006027780,-0.043587300,0.998956000
384,5.148610000,-9.987930000,5.908650000,-0.015078700,-0.004953330,-0.046164200,0.998808000
385,5.252210000,-10.063800000,5.884330000,-0.008824820,0.002144960,-0.027945200,0.999568000
386,5.310190000,-10.125100000,5.878850000,-0.017538400,-0.005022250,-0.045667300,0.998790000
387,5.391200000,-10.192600000,5.868460000,-0.019698700,-0.006129140,-0.049581500,0.998557000
388,5.544230000,-10.298100000,5.828670000,-0.009741520,0.002059760,-0.029834100,0.999505000
389,5.640030000,-10.354600000,5.788680000,-0.010253800,0.000187860,-0.035473300,0.999318000
390,5.759180000,-10.410200000,5.770650000,-0.008320160,0.000814594,-0.032052000,0.999451000
391,5.852580000,-10.457300000,5.763580000,-0.004694780,0.003858790,-0.021298000,0.999755000
392,6.000710000,-10.475100000,5.714310000,-0.004694780,0.003858790,-0.021298000,0.999755000
393,6.135440000,-10.501100000,5.656940000,-0.004694780,0.003858790,-0.021298000,0.999755000
394,6.235370000,-10.518000000,5.614740000,-0.004694780,0.003858790,-0.021298000,0.999755000
395,6.360890000,-10.535000000,5.559010000,-0.004694780,0.003858790,-0.021298000,0.999755000
396,6.475080000,-10.536200000,5.517130000,-0.004694780,0.003858790,-0.021298000,0.999755000
397,6.632000000,-10.565200000,5.428670000,-0.004694780,0.003858790,-0.021298000,0.999755000
398,6.729440000,-10.597900000,5.364520000,-0.004694780,0.003858790,-0.021298000,0.999755000
399,6.941160000,-10.613100000,5.300050000,-0.004694780,0.003858790,-0.021298000,0.999755000
