kf_idx,img_idx,tx,ty,tz,qx,qy,qz,qw,loop_ids
0,10,-0.352441460,1.025669813,-0.909772396,0.025656046,-0.213963419,-0.182734922,0.959256768,
1,11,-0.385073811,1.123508215,-1.137273073,0.030135117,-0.221196458,-0.151765674,0.962878644,
2,13,-0.481293887,1.063005328,-1.398841381,-0.033178221,-0.218777999,-0.110051937,0.968982518,
3,14,-0.432874739,1.281344771,-1.497404814,-0.011711894,-0.222232163,-0.123542257,0.967066169,
4,15,-0.556752384,1.445802808,-1.578111291,-0.009492544,-0.189117298,-0.113695160,0.975305796,
5,21,-0.103017718,2.234108925,-2.384323835,-0.003725753,-0.251828820,-0.137749150,0.957913697,
6,25,-0.341873705,2.693446636,-2.800153255,0.013337698,-0.223569065,-0.104469672,0.968984365,
7,28,-0.092446290,3.132070065,-2.972640753,0.037390195,-0.241733477,-0.127745643,0.961172819,
8,31,-0.385995567,2.934072495,-3.648802996,-0.031825487,-0.223707333,-0.082054690,0.970678031,
9,35,-0.165278912,3.607520103,-3.805678606,0.014557265,-0.252835274,-0.081344277,0.963977337,
10,37,0.150083661,3.659115314,-4.073223114,-0.012761339,-0.255244404,-0.116588496,0.959739804,
11,41,0.858247757,3.835876226,-4.820370674,-0.040667597,-0.292185217,-0.147646248,0.944024026,
12,42,1.099992037,3.997163773,-4.935235500,-0.041342050,-0.297330916,-0.168962196,0.938798368,
13,43,0.766985953,4.395796299,-4.980881691,-0.027680356,-0.261897892,-0.168357581,0.949897170,
14,47,-0.212275952,3.896390676,-6.315950871,-0.108506635,-0.224552706,-0.086746655,0.964512110,
15,49,1.015952468,3.640015841,-6.953921795,-0.130714372,-0.291112602,-0.115340799,0.940675557,
16,52,2.590843201,2.617301702,-7.554262161,-0.210243762,-0.350946158,-0.173268899,0.895889461,
17,56,0.996455073,4.529928684,-7.694134235,-0.127436399,-0.267445147,-0.111900322,0.948534548,
18,59,1.886414528,4.294839382,-8.265888214,-0.164887652,-0.276930213,-0.163531467,0.932408452,313
19,62,1.340894461,5.076929569,-8.364730835,-0.136565521,-0.269481480,-0.127904296,0.944657266,
20,65,1.161741614,4.752618313,-9.091023445,-0.188427970,-0.235650748,-0.150936007,0.941376448,
21,70,0.539056301,5.478622437,-9.551473618,-0.179062754,-0.230204940,-0.111430503,0.950017512,
22,74,0.866249084,6.103936672,-9.925595284,-0.166665375,-0.250681698,-0.107065707,0.947590053,
23,79,1.164015770,5.880075455,-10.924477577,-0.206651121,-0.249679387,-0.111126252,0.939475238,
24,82,1.381179571,5.953148365,-11.260341644,-0.220191896,-0.233152360,-0.135497645,0.937445283,
25,84,2.990244389,5.919904709,-11.211104393,-0.226530969,-0.250992060,-0.203821778,0.918776870,
26,87,8.169278145,5.167161465,-9.095790863,-0.187147424,-0.319015592,-0.419752061,0.828867018,
27,90,12.346573830,1.272237062,-5.370814800,-0.154458433,-0.401829123,-0.624760449,0.651428759,
28,92,13.035159111,0.331366032,-3.969153404,-0.139523551,-0.439268917,-0.657683969,0.595849276,
29,95,13.208312988,0.418076664,-4.082840919,-0.123746648,-0.421542853,-0.683467507,0.582982481,
30,99,13.083905220,0.997982979,-4.821925640,-0.153738141,-0.457351893,-0.641775310,0.596092939,
31,102,12.711998940,2.287646532,-5.687505722,-0.144509733,-0.430000633,-0.633517265,0.626801908,
32,105,12.826419830,2.581384182,-5.604787350,-0.138914317,-0.439180315,-0.636661708,0.618460953,
33,108,13.169894218,2.440517187,-5.340299129,-0.133990213,-0.444846570,-0.655249834,0.595663846,
34,111,12.831857681,2.786146164,-6.429478168,-0.169508755,-0.464407533,-0.620432496,0.608823895,
35,113,12.629016876,3.548387051,-6.800970078,-0.162725553,-0.449547887,-0.619089186,0.623030007,
36,115,12.858306885,3.610468864,-6.622046947,-0.157890230,-0.453173786,-0.630293250,0.610282600,
37,118,12.915964127,3.274580717,-7.177457809,-0.186912909,-0.477120608,-0.615583658,0.598737657,
38,119,13.077592850,3.825505733,-6.855343819,-0.165934697,-0.485322952,-0.614722610,0.599211693,
39,123,13.116340637,3.216386795,-7.989514351,-0.208156914,-0.524082839,-0.582159817,0.585755527,
40,126,13.068245888,2.864406586,-8.832795143,-0.231205314,-0.528427005,-0.576325595,0.578937113,
41,130,11.593282700,4.857121468,-10.778073311,-0.226009741,-0.494238287,-0.548176169,0.635738075,
42,134,11.266050339,4.261409760,-12.225577354,-0.264693767,-0.512576878,-0.520554662,0.629473448,
43,139,11.445743561,5.738697052,-12.466767311,-0.238856837,-0.508245111,-0.532098055,0.633656204,
44,144,10.896920204,6.099155903,-14.040932655,-0.262497276,-0.491126150,-0.530158579,0.639403522,
45,146,10.969887733,7.251262188,-14.093707085,-0.244403511,-0.474381387,-0.546528041,0.645407856,
46,149,10.925902367,7.178170204,-14.993279457,-0.258792400,-0.481085062,-0.536569774,0.643188298,
47,153,15.189155579,4.360464096,-13.070421219,-0.267588794,-0.486180544,-0.649275362,0.520079136,
48,157,19.988891602,-3.662610292,-3.859139681,-0.190687880,-0.517025828,-0.805755913,0.217014015,
49,161,17.452096939,-10.089180946,3.913538694,-0.112950146,-0.517056227,-0.847515583,-0.040365212,
50,164,15.215610504,-11.598429680,6.645185947,-0.097519830,-0.541291058,-0.823273778,-0.140462548,
51,165,15.204705238,-11.447192192,6.680415154,-0.100105472,-0.547773719,-0.818324208,-0.142423034,
52,168,15.271180153,-11.160841942,6.002399445,-0.102177322,-0.535363793,-0.826865375,-0.138762012,
53,173,16.068485260,-9.284125328,5.012346268,-0.108908117,-0.558634520,-0.815264702,-0.106889941,
54,176,15.635093689,-9.505723953,4.661323547,-0.112460382,-0.544452369,-0.821669996,-0.125685364,
55,182,16.132766724,-7.877303600,3.946506500,-0.108738735,-0.562293231,-0.813384950,-0.102096476,
56,184,16.237367630,-7.586812019,3.332510710,-0.114705876,-0.552818000,-0.819912791,-0.094832949,
57,187,16.231721878,-7.160281658,3.042110682,-0.113221630,-0.548550189,-0.823227882,-0.092661463,
58,189,16.282451630,-6.812148094,2.934573412,-0.113519765,-0.556097507,-0.818316817,-0.090790659,
59,192,15.661478043,-7.479358196,3.554134369,-0.109754644,-0.547038615,-0.819354832,-0.131819651,
60,195,16.007036209,-6.449831009,2.599461079,-0.117359810,-0.551211774,-0.818929315,-0.108460508,
61,196,15.949774742,-6.299604893,2.707787991,-0.114460148,-0.554000199,-0.816853166,-0.112919025,
62,198,16.094778061,-5.716639519,2.447826862,-0.111017942,-0.550995231,-0.820576966,-0.103679165,
63,199,16.021814346,-5.920294285,1.962618828,-0.125262439,-0.544850945,-0.822376668,-0.105648652,
64,203,16.090993881,-5.062672615,1.889764428,-0.114786550,-0.539277256,-0.827806830,-0.103721745,
65,207,16.165657043,-4.134531021,1.226109385,-0.120399155,-0.543123007,-0.825444698,-0.095818482,
66,211,16.023756027,-4.116385460,1.316079259,-0.122699611,-0.558774710,-0.811324477,-0.120364703,
67,215,15.019496918,-6.614327908,1.750424027,-0.153622910,-0.517445683,-0.814623356,-0.212270245,
68,216,14.787722588,-6.948962212,2.126062393,-0.150394425,-0.514452338,-0.811934531,-0.231306553,
69,217,14.536877632,-7.209252834,2.679588318,-0.142566472,-0.516889691,-0.805644989,-0.251906097,
70,221,8.618726730,-11.642848969,6.982199669,-0.078311689,-0.402312189,-0.761160195,-0.502661169,
71,224,3.346094131,-13.076650620,8.076889992,-0.047542404,-0.322918952,-0.688360870,-0.647800028,
72,227,-2.553256750,-13.076929092,7.540564537,-0.015624789,-0.216049582,-0.592437088,-0.775963306,
73,230,-2.050852537,-12.189326286,7.727147579,-0.013745550,-0.250758320,-0.586477637,-0.770062983,
74,236,0.204738691,-10.099467278,8.646835327,0.026757123,-0.346177191,-0.602940202,-0.718283176,
75,239,0.705472410,-9.356371880,8.660597801,0.039157022,-0.368667215,-0.605221033,-0.704473495,
76,243,0.583795369,-8.517371178,8.584234238,0.058817908,-0.382161289,-0.593378663,-0.705988586,
77,246,0.549030960,-8.210762978,8.087871552,0.060753066,-0.375351489,-0.597923219,-0.705643952,
78,250,1.230695963,-8.012609482,7.108545303,0.029584251,-0.387286484,-0.613180697,-0.687872171,
79,252,1.127830386,-7.789348602,6.914416313,0.039738383,-0.379806578,-0.615094960,-0.689819813,
80,255,0.462965578,-7.405693054,6.830430508,0.063266851,-0.354363889,-0.606290638,-0.709126115,
81,257,-0.307942361,-7.152249813,6.698454380,0.081118539,-0.327890486,-0.591803432,-0.731915474,
82,260,-0.113829724,-7.764158726,5.093966007,-0.008012639,-0.309750736,-0.603992701,-0.734307706,
83,261,0.152471215,-7.683545113,4.962499619,-0.008630106,-0.317661732,-0.611639857,-0.724525988,
84,263,0.220808953,-6.918050766,5.535170555,0.028878478,-0.356442750,-0.591218650,-0.722910404,
85,266,0.407612711,-5.885941029,5.881839275,0.087004937,-0.376189381,-0.589900374,-0.709193766,
86,268,0.546618938,-5.325012684,5.854734898,0.102822885,-0.401310533,-0.578760743,-0.702451944,
87,270,0.552530229,-4.937577724,5.601724148,0.109727383,-0.414182544,-0.569216490,-0.701733589,
88,273,0.293985873,-5.187137127,4.471488953,0.072314605,-0.374969602,-0.578415632,-0.720853269,
89,277,0.091786601,-4.540068626,4.249946117,0.099806190,-0.391805530,-0.549494088,-0.731169164,
90,279,0.146958515,-4.371853828,3.896832228,0.099130809,-0.384666771,-0.555658400,-0.730393171,
91,283,0.430322438,-4.166720390,3.168193817,0.091177300,-0.380125165,-0.576038659,-0.717911065,
92,286,0.468796790,-3.818226337,2.993004322,0.092531480,-0.405165762,-0.560375154,-0.716438532,
93,291,0.561602294,-3.236096859,1.907586813,0.055350807,-0.417071462,-0.558833599,-0.714645207,
94,294,0.722572625,-2.953296900,1.614527822,0.057044011,-0.427900970,-0.567426085,-0.701213539,
95,298,0.360934883,-2.733414650,0.981844604,0.011845659,-0.404161096,-0.515696645,-0.755378604,
96,300,-0.269166082,-2.524033546,0.910487652,0.036377840,-0.354799151,-0.429453075,-0.829692364,
97,303,-0.893947840,-2.153136969,0.526233494,0.078627497,-0.243398115,-0.332276464,-0.907851219,
98,306,-1.794949055,-1.210201383,-0.602775574,0.120087780,0.012863022,-0.059754658,-0.990892708,
99,310,-1.719170690,-0.344070941,-1.850766778,0.153437749,0.157559767,0.123455845,-0.967685938,
100,312,-1.674591303,-0.371578276,-2.271027088,0.197068259,0.166027382,0.099205971,-0.961136639,
101,316,-1.679785848,-0.259540498,-2.930715561,0.197871760,0.161368221,0.060731482,-0.964958966,
102,320,-1.596352577,-0.168490604,-3.548436165,0.253792763,0.174814090,0.074371323,-0.948433340,
103,322,-1.689575553,-0.400191635,-3.829537868,0.297942728,0.172160342,0.044221543,-0.937903106,
104,326,-1.886524200,-0.397967815,-4.591308594,0.332710594,0.159249917,0.074905656,-0.926479161,
105,330,-1.455749869,0.142397016,-5.465248108,0.291054457,0.197866455,0.090523392,-0.931651354,
106,335,-1.077221870,0.769330919,-6.313573837,0.256131500,0.210157692,0.104672581,-0.937713385,
107,337,-1.209607005,0.219195276,-6.756704330,0.289970130,0.213495642,0.053470943,-0.931402564,
108,340,-1.860705137,-0.001929455,-7.254673004,0.327083677,0.161665052,0.042112999,-0.930128634,
109,344,-2.356056929,-0.577552676,-7.967267513,0.367723674,0.135019764,0.004484738,-0.920087576,
110,346,-2.234767437,-0.285433859,-8.470525742,0.361368924,0.140964404,0.008420135,-0.921685159,
111,350,-1.533234358,0.168837547,-9.362927437,0.351240188,0.178538486,0.010927817,-0.919056594,
112,353,-1.705885887,0.736874104,-9.837872505,0.341445655,0.158822283,0.023434864,-0.926106095,
113,356,-1.834261775,0.827094078,-10.332716942,0.358176529,0.143012866,0.031386293,-0.922118664,
114,359,-2.113973379,2.206521034,-10.702235222,0.299663246,0.143032461,0.000798150,-0.943278790,
115,363,-2.366225004,1.485740900,-11.280214310,0.346337050,0.125881791,-0.003042481,-0.929638684,
116,367,0.540213764,1.809499145,-12.073234558,0.362213045,0.188818485,0.121293701,-0.904693246,
117,370,4.784234047,0.843008518,-11.528562546,0.374981433,0.289567709,0.287015855,-0.832583547,
118,374,9.972203255,-1.101728320,-7.979364872,0.325591177,0.440638959,0.489126205,-0.678686798,
119,377,11.287153244,-2.201267481,-5.903052807,0.304676831,0.505826592,0.544545949,-0.595663071,
120,381,11.504680634,-2.387248039,-5.743322372,0.314437926,0.532657444,0.542876661,-0.568086982,
121,385,11.255961418,-1.219428062,-6.951833248,0.299262553,0.501497805,0.549445033,-0.597566247,
122,388,10.398248672,-1.109932423,-8.535924911,0.346412778,0.491400033,0.499272645,-0.623927534,
123,392,9.754223824,0.981081307,-9.717946053,0.310116410,0.450348645,0.494110167,-0.675946712,
124,396,10.347024918,0.036242444,-9.488063812,0.329640359,0.470482290,0.519060612,-0.632925093,
125,400,10.400939941,0.557066321,-9.910786629,0.325687140,0.470737904,0.522600651,-0.631868005,
126,404,10.357838631,0.477879405,-10.330035210,0.339001477,0.479761899,0.513652086,-0.625382721,
127,408,10.423044205,1.874898195,-10.775751114,0.309049308,0.469369918,0.522112787,-0.641571879,
128,412,10.049818993,3.388557673,-11.530387878,0.286152810,0.454635918,0.516600311,-0.666769862,417
129,418,10.275582314,2.280139685,-12.748758316,0.325160027,0.499677747,0.482834131,-0.641482472,
130,424,8.659168243,3.515305519,-14.772471428,0.332674593,0.485938609,0.431443572,-0.683435619,
131,429,9.339218140,5.837090969,-14.360719681,0.283152491,0.468062222,0.475731105,-0.688809276,
132,433,9.353766441,4.937095642,-15.398858070,0.326132447,0.449621201,0.494466037,-0.668594062,
133,437,8.833667755,6.513453007,-15.698805809,0.305873930,0.428805232,0.492687732,-0.692720354,
134,441,16.128587723,1.105346799,-11.283536911,0.297003180,0.487634838,0.670925438,-0.473178267,
135,445,18.957620621,-5.259491920,-2.463977814,0.230211988,0.580681503,0.752122462,-0.210145593,
136,449,16.127798080,-9.596294403,5.713793755,0.112086743,0.571740150,0.812234879,0.029351873,
137,453,14.914765358,-10.488969803,6.448839664,0.143657431,0.603561580,0.779494047,0.086610235,
138,455,14.927457809,-10.335799217,6.222868443,0.143806696,0.601665556,0.781022906,0.085776776,428
139,460,15.217335701,-9.523696899,5.418313026,0.164747894,0.625828862,0.758657336,0.075304896,
140,468,15.881028175,-7.770350933,4.117744923,0.161290303,0.633067787,0.755699456,0.046516873,
141,470,16.134656906,-7.334586620,2.875926256,0.162104934,0.600563407,0.782613873,0.024404351,
142,474,14.555624008,-8.325460434,5.343229771,0.123139963,0.593017757,0.786497831,0.120921031,
143,476,14.462538719,-8.745055199,4.588059425,0.152912870,0.596279800,0.777962744,0.126003385,
144,479,14.481620789,-8.121776581,4.562665462,0.150773779,0.614057600,0.763249516,0.132988691,
145,483,14.649960518,-8.074488640,2.705162525,0.186056420,0.607188523,0.763396859,0.118180074,
146,491,15.850007057,-5.021063328,-0.058959402,0.194299862,0.629097879,0.752445638,0.018628553,
147,493,15.700735092,-5.231824398,-0.306014448,0.203574270,0.622147143,0.755461693,0.028370127,
148,496,15.574758530,-5.098751545,-0.840056539,0.204807371,0.570259035,0.794869125,0.032835919,
149,501,15.182577133,-6.244654179,-1.161583185,0.234197572,0.560434759,0.790549278,0.078314617,
150,503,13.204782486,-9.042225838,3.198807716,0.177869916,0.540275037,0.784604847,0.246773630,
151,507,4.291893005,-12.529894829,8.886890411,0.053000979,0.412003964,0.714909017,0.562481821,
152,510,-0.004693566,-12.384812355,9.350509644,0.022461781,0.363323927,0.645228446,0.671719849,
153,513,-0.113600120,-11.116157532,10.324028015,-0.017258791,0.390682817,0.624364555,0.676220417,
154,515,-0.974053741,-10.460368156,10.487381935,-0.062975995,0.370452583,0.616965592,0.691511869,
155,518,-0.889456868,-10.033315659,10.266788483,-0.065853328,0.377080649,0.612086773,0.691996872,
156,521,-0.808777392,-9.696617126,9.982574463,-0.059294119,0.385363072,0.606763840,0.692714334,
157,523,-0.785286546,-9.520578384,9.594408035,-0.048284099,0.387717992,0.604013085,0.694656670,
158,525,-0.037246257,-9.399171829,9.123276711,-0.035881810,0.402237833,0.615267694,0.677052259,
159,526,-0.409402668,-8.892014503,9.269748688,-0.054357968,0.406772375,0.601394594,0.685524046,
160,528,-0.274479747,-8.222202301,9.147458076,-0.062049046,0.423790753,0.592440128,0.682350874,
161,530,-0.031947676,-8.133244514,8.637249947,-0.045891106,0.427439243,0.596034765,0.678210557,
162,532,0.328813106,-7.714181423,8.458837509,-0.059362654,0.436503381,0.603707492,0.664467335,
163,535,0.238721624,-7.853929520,7.541014194,-0.035327617,0.422022790,0.609995127,0.669770718,
164,537,0.135277703,-7.260300159,7.673181057,-0.057251036,0.429027587,0.602392793,0.670685291,
165,540,0.195319518,-8.144076347,5.888243198,-0.007660814,0.371225715,0.643208981,0.669666767,
166,543,0.061599065,-7.710149288,5.633897305,-0.011506901,0.372724622,0.635953426,0.675681055,
167,547,0.241706282,-6.725406170,5.279415131,-0.025099540,0.407307029,0.616727471,0.673170507,
168,549,0.302755624,-6.516922951,4.888159752,-0.021243095,0.409341067,0.617059529,0.671763301,
169,551,0.560397744,-6.010565758,4.987533569,-0.047795452,0.426062196,0.617623329,0.659369588,
170,554,0.619095922,-5.924686909,4.087575436,-0.034858782,0.411917806,0.628009558,0.659358621,
171,557,0.385557264,-5.569937706,3.842539549,-0.041204184,0.409687877,0.615428925,0.672120690,
172,561,0.200869665,-5.139771461,3.353975534,-0.047585458,0.394318610,0.612239420,0.683704972,
173,564,0.452037930,-4.676492691,2.718646049,-0.046699021,0.411343575,0.616367996,0.669886529,
174,568,0.321582824,-4.189364910,1.874966145,-0.049426541,0.406425893,0.612836242,0.675905824,
175,572,-0.086493462,-3.380723476,1.530151486,-0.072957203,0.429938406,0.539074898,0.720604897,
176,576,-2.587968826,-2.198249340,-0.117448725,-0.155622199,0.138136342,0.230369106,0.950617373,
177,579,-2.060665369,-0.696435928,-2.714097977,-0.183159783,-0.204480007,-0.069845647,0.959064782,
178,581,-1.798434138,-0.588131905,-3.304873466,-0.232065678,-0.262242138,-0.119036376,0.929111660,
179,585,-2.405194283,-0.458969921,-3.844760895,-0.230669737,-0.186521292,-0.032011855,0.954473913,
180,589,-2.520523548,-0.214508489,-4.788002968,-0.282145083,-0.179792717,-0.065537371,0.940116465,
181,591,-2.810775280,0.347378194,-5.133170128,-0.227328300,-0.161021098,-0.035183832,0.959792137,
182,594,-2.752462387,-0.261998862,-5.843384743,-0.293853015,-0.165607750,-0.013971131,0.941314161,
183,598,-2.495274544,1.574420452,-6.431365967,-0.157998532,-0.177877635,-0.030378481,0.970833778,
184,602,-2.453779936,-0.415856540,-7.564435005,-0.343751341,-0.155805692,-0.032882515,0.925484419,
185,605,-3.370999575,0.872363865,-7.845809937,-0.272017092,-0.094319046,-0.005833202,0.957664549,
186,608,-3.215375423,0.017335128,-8.679053307,-0.332794189,-0.103224941,-0.003098963,0.937352061,
187,611,-2.930025578,-0.695960104,-9.417820930,-0.381768912,-0.115978643,0.004731221,0.916964591,
188,613,-2.913441420,-1.019473076,-9.847074509,-0.405369639,-0.116368867,0.012180145,0.906659186,
189,615,-3.200553656,-0.909008086,-10.109116554,-0.409078926,-0.099978320,0.019529119,0.906821132,
190,618,-2.732364178,0.646957994,-10.803690910,-0.352478415,-0.119998902,0.014743204,0.928002834,
191,621,0.310069412,2.093263388,-11.452991486,-0.343899816,-0.142768174,-0.206743404,0.904794931,
192,623,2.455873489,1.468413830,-11.553742409,-0.358194113,-0.206903622,-0.272244096,0.868801892,
193,625,5.255289078,0.666406989,-10.991791725,-0.352958560,-0.270069122,-0.393667459,0.804709256,
194,630,9.173454285,-0.827760577,-8.677307129,-0.307476282,-0.383557588,-0.543021142,0.680821180,
195,633,10.083223343,-1.082368851,-8.129345894,-0.301095605,-0.430394322,-0.558929563,0.641677082,
196,637,9.807632446,-0.512166023,-8.976546288,-0.304779232,-0.418672293,-0.558284640,0.648221910,
197,641,9.368856430,0.296041578,-9.823726654,-0.306896746,-0.400807142,-0.550575435,0.664894640,
198,645,8.675481796,-0.944897652,-10.898869514,-0.379233122,-0.425858051,-0.503629208,0.649025142,
199,649,8.579186440,1.524378538,-11.428611755,-0.321526021,-0.388784409,-0.528646588,0.682679415,
200,651,8.651922226,0.602206886,-11.783259392,-0.353642970,-0.411082774,-0.518257499,0.661366999,
201,655,8.158556938,1.370022058,-12.839963913,-0.357021451,-0.411786348,-0.489876747,0.680469751,
202,660,8.427135468,1.378039002,-13.710971832,-0.366139233,-0.436566055,-0.472433031,0.672465682,492
203,665,9.911991119,1.110681891,-13.678418159,-0.362752289,-0.468163669,-0.499772847,0.632070303,
204,668,10.099663734,2.391577244,-14.187843323,-0.341866136,-0.462869763,-0.507552683,0.641344666,
205,672,10.333912849,3.299951792,-14.957265854,-0.340947002,-0.428143889,-0.543376565,0.636588097,
206,676,16.509977341,-1.552129149,-9.304488182,-0.287428707,-0.493804604,-0.711377144,0.409314483,
207,681,16.677921295,-9.124210358,1.183689952,-0.166562483,-0.524318993,-0.832521975,0.065639056,
208,684,15.355420113,-10.572627068,3.176776409,-0.138275728,-0.520476460,-0.842515647,-0.014386072,
209,686,15.421601295,-10.278130531,2.950454235,-0.154539049,-0.540592670,-0.826896191,-0.013246347,
210,689,15.672380447,-9.846340179,2.067995071,-0.178499386,-0.553002834,-0.813861966,0.003220074,
211,691,15.354214668,-9.947686195,2.701571941,-0.164500982,-0.552874148,-0.816708744,-0.017673772,
212,694,14.164192200,-10.572612762,4.031725883,-0.139315262,-0.546242714,-0.822153986,-0.079555005,
213,696,14.577705383,-9.948161125,3.446763754,-0.151044294,-0.559750259,-0.812580585,-0.060281690,
214,698,14.767540932,-9.598124504,2.711417437,-0.165365502,-0.563067973,-0.808314443,-0.047871783,
215,700,14.297638893,-9.554602623,4.033383846,-0.141337723,-0.577110648,-0.800425053,-0.079645902,
216,702,14.188685417,-9.496889114,3.993640184,-0.139902607,-0.574965000,-0.801569164,-0.085941397,
217,704,15.140292168,-8.408573151,2.167370796,-0.155652449,-0.564675331,-0.810009897,-0.029241897,
218,706,15.542725563,-7.614439487,0.998985529,-0.169048116,-0.565198839,-0.807480276,0.002526248,
219,708,15.767525673,-6.952997208,0.693625331,-0.170535311,-0.579282224,-0.796929419,0.017622769,
220,712,15.900551796,-6.078005791,0.208877027,-0.171359971,-0.585244954,-0.792120099,0.026955223,
221,713,15.853776932,-6.137529373,-0.396378815,-0.188743189,-0.585603774,-0.787656784,0.033117741,
222,715,14.908441544,-7.386501789,2.408949375,-0.131343395,-0.559342921,-0.815771282,-0.066772297,
223,716,14.572291374,-7.751786709,2.813111305,-0.130192518,-0.562606931,-0.811500371,-0.089709662,
224,718,14.796897888,-7.433294296,1.500683904,-0.147495285,-0.539893866,-0.825587690,-0.072256319,
225,719,14.919054031,-7.030604362,1.637211323,-0.136772588,-0.540206254,-0.827636659,-0.067415245,
226,721,14.904272079,-6.834688187,1.678505898,-0.141937435,-0.560377121,-0.812865198,-0.071682058,
227,722,14.813066483,-7.065924168,1.339527845,-0.156058252,-0.560871363,-0.809540689,-0.075949274,
228,726,12.409152031,-10.512129784,2.050170183,-0.176934540,-0.494649947,-0.822772861,-0.217062235,
229,727,10.748413086,-11.644049644,3.754115105,-0.154040694,-0.486799449,-0.805705845,-0.300320119,
230,730,4.992079735,-13.154964447,7.505279064,-0.064313918,-0.431754172,-0.744061649,-0.505847752,
231,734,-2.062996864,-12.173048019,9.216059685,0.070590049,-0.341197878,-0.642116189,-0.682894349,
232,736,-3.043011427,-11.585266113,9.046475410,0.085389055,-0.332814425,-0.618119180,-0.707056940,
233,741,-2.118985653,-10.600326538,8.941361427,0.060949884,-0.381153494,-0.608907163,-0.693034351,
234,744,-0.534558773,-9.989295959,9.085474014,0.066542596,-0.422187120,-0.628026366,-0.650361836,
235,749,1.315195918,-8.844636917,8.728762627,0.079554982,-0.466114253,-0.652175963,-0.592564225,
236,753,0.032515332,-8.722272873,7.534224510,0.057544302,-0.441682339,-0.628008068,-0.638177097,
237,756,0.634103596,-8.685790062,6.420334339,0.029916959,-0.436387628,-0.651598155,-0.619798362,
238,761,0.746947706,-7.824360371,5.697885513,0.054969005,-0.440947294,-0.654503405,-0.611742496,
239,764,0.562442005,-7.453855515,4.880211353,0.066301554,-0.421197504,-0.658250332,-0.620454073,
240,767,0.268102825,-6.948946476,4.214542389,0.096041456,-0.394182414,-0.657628417,-0.634808600,
241,770,0.046278741,-6.708267689,3.672601938,0.074027516,-0.399344236,-0.643686295,-0.648670614,
242,775,0.605970979,-6.282317638,2.916202068,0.050543655,-0.426897585,-0.656910658,-0.619461656,
243,778,0.746367216,-5.958993912,2.800763369,0.064249292,-0.433934361,-0.658245683,-0.611838996,
244,782,0.652806520,-5.590182781,2.381794691,0.072496600,-0.432413846,-0.651593924,-0.619071186,
245,785,-0.628578961,-5.322834492,1.647008777,0.023224125,-0.413183838,-0.572577775,-0.707782030,
246,790,-3.604620934,-3.682750940,0.027715852,0.133021384,-0.185340881,-0.318445355,-0.920112967,
247,792,-4.268956661,-2.441021681,-1.296838641,0.201333731,-0.062293068,-0.148874372,-0.966168880,
248,797,-3.412050724,-0.895355284,-4.615328789,0.318172574,0.152945817,0.098847933,-0.930411041,
249,801,-4.357119083,-1.244613051,-4.247433186,0.299141258,0.074924201,-0.004215858,-0.951286316,
250,804,-3.459691048,-1.303321362,-5.699437141,0.345184654,0.170898259,0.049413610,-0.921554387,
251,806,-3.904147387,-1.439578772,-5.743271351,0.370576769,0.139054015,0.027071392,-0.917969406,
252,810,-4.796037674,-1.003147006,-5.635949612,0.310948044,0.077656575,-0.045780174,-0.946176291,
253,815,-5.472260475,-0.683770478,-5.875413418,0.258737922,0.040437773,-0.109871231,-0.958860934,
254,817,-5.266579628,-1.217670083,-6.452942848,0.269710153,0.060736012,-0.147387862,-0.949688911,
255,819,-5.374652386,-0.790751696,-6.850156784,0.255591094,0.050420672,-0.129081964,-0.956835330,
256,821,-4.795870304,-0.566955745,-7.558550835,0.282492250,0.083759405,-0.082608655,-0.952063203,
257,824,-5.666287899,-1.615441799,-7.384886742,0.312516302,0.026649259,-0.178274438,-0.932687640,541
258,825,-5.335079193,-0.621358454,-7.958371162,0.304682940,0.037712909,-0.113846838,-0.944907367,
259,829,-5.051705837,-1.746039391,-8.529920578,0.389283299,0.036293164,-0.109249875,-0.913932264,
260,833,-4.998625755,-1.406655550,-9.137387276,0.377395034,0.041665375,-0.134455606,-0.915328324,
261,835,-4.434614182,-1.223151803,-9.811867714,0.396970153,0.061806995,-0.101020880,-0.910194814,
262,838,-4.603494167,-2.045083523,-10.035954475,0.434392065,0.056724131,-0.134302810,-0.888884604,
263,841,-0.534023404,1.807661057,-11.589674950,0.370138049,0.100200102,0.198105678,-0.902096689,
264,844,3.198945045,1.010053039,-11.598113060,0.372598052,0.185524166,0.359966367,-0.835010767,
265,848,9.066297531,-2.867997646,-7.887745380,0.327693224,0.367383778,0.618153214,-0.612860858,
266,852,9.165080070,-2.222036123,-8.284798622,0.333880156,0.400607556,0.575843453,-0.629689693,
267,855,8.684130669,-2.058145046,-9.030741692,0.362775803,0.411650747,0.533598661,-0.643643260,
268,857,9.122273445,-2.204061508,-8.599253654,0.348204374,0.420168728,0.569440842,-0.614830911,
269,862,6.326667309,-0.738128722,-11.496537209,0.397392213,0.343989462,0.486069351,-0.698252678,
270,866,7.734106064,0.496050894,-10.998405457,0.337499619,0.385592520,0.507997930,-0.692402422,
271,870,7.000283718,-0.023228116,-12.083789825,0.380301088,0.377664804,0.489549965,-0.687859893,
272,874,6.204807281,0.658861637,-13.083392143,0.388040483,0.356852412,0.473757833,-0.705481768,
273,877,6.001486301,0.728851914,-13.525380135,0.395578414,0.367210120,0.453009993,-0.709596634,
274,879,6.125986099,0.957738042,-13.665237427,0.393378735,0.362122774,0.467064083,-0.704302907,
275,881,5.237184048,2.364283085,-14.133208275,0.374999344,0.337860733,0.448664457,-0.737561166,
276,883,4.115658283,2.170172691,-14.724521637,0.396787643,0.332025915,0.409375757,-0.751532614,
277,887,5.129767895,2.933729649,-14.758675575,0.374306321,0.343314677,0.443631858,-0.738438427,
278,890,5.003848076,3.548947811,-15.225149155,0.369614124,0.352395326,0.428733021,-0.745293319,
279,893,5.298439503,2.914831638,-15.815363884,0.392163634,0.362356067,0.433544636,-0.725959003,
280,896,5.022648811,3.727377176,-16.321271896,0.380933136,0.365639418,0.416149914,-0.740330637,
281,898,4.235288143,3.364883900,-16.967037201,0.401189268,0.357488573,0.396468133,-0.744402230,
282,901,5.892539978,3.375992537,-16.995414734,0.401534349,0.348459095,0.464453399,-0.708310127,
283,904,9.720959663,2.198162317,-15.684363365,0.384626865,0.361472964,0.580783308,-0.619809985,
284,905,11.225509644,1.690086722,-14.787404060,0.367264420,0.383500040,0.610460758,-0.587754309,
285,907,14.315490723,0.044752929,-12.103923798,0.322648644,0.410434932,0.694787562,-0.494757205,
286,908,15.105204582,-0.784807146,-11.094566345,0.311486632,0.425747514,0.713463843,-0.461257070,
287,911,17.621559143,-4.299392700,-4.738995552,0.224628687,0.496493757,0.787110329,-0.289078414,
288,913,17.706357956,-4.878383160,-3.705514908,0.199563608,0.481529951,0.815170825,-0.252732009,
289,915,17.746799469,-4.945725918,-3.349626303,0.196337596,0.492801815,0.812408745,-0.242205128,
290,919,17.258634567,-6.258928776,-3.149265528,0.235521093,0.536337614,0.785612226,-0.199398160,
291,921,17.382278442,-5.382138252,-3.612787962,0.227405325,0.530095577,0.788684964,-0.212922573,
292,924,17.347642899,-4.775638580,-4.370089531,0.234121680,0.529405594,0.782919943,-0.228095472,
293,926,17.267671585,-4.303480148,-5.136710644,0.244211674,0.529058635,0.774898708,-0.245079339,
294,928,17.366910934,-3.337326765,-5.468984604,0.237650454,0.536911905,0.765148103,-0.264329761,
295,930,17.441118240,-3.418473959,-5.146803379,0.230222329,0.533602417,0.773983061,-0.251577586,
296,931,17.415485382,-3.115956545,-5.421091557,0.230676860,0.529039919,0.774574816,-0.258871287,
297,932,17.350709915,-3.446278095,-5.448478699,0.239696488,0.536065757,0.770159900,-0.249215662,
298,935,17.119161606,-2.705467463,-6.706130028,0.251236767,0.507080078,0.779378176,-0.269064695,
299,937,17.109235764,-2.146227360,-7.076055527,0.249272883,0.501445174,0.780128777,-0.279091507,
300,938,17.012777328,-1.686442256,-7.633641720,0.254101723,0.500666797,0.774964929,-0.290294647,
301,940,16.905242920,-1.263402104,-8.147450447,0.258331299,0.495083123,0.773968518,-0.298675805,
302,942,17.795084000,-2.945805788,-5.299777508,0.218798250,0.509627759,0.805056512,-0.210637793,
303,943,17.916011810,-3.755322456,-4.131411552,0.202549025,0.506850719,0.819946170,-0.172742218,
304,945,17.944393158,-4.703433037,-2.345604897,0.174541309,0.510340571,0.833915412,-0.117255434,
305,947,17.998264313,-4.083009720,-3.021304131,0.184215426,0.523888469,0.820751190,-0.134348840,
306,949,17.729024887,-4.185535908,-4.405314922,0.217860997,0.524235010,0.810604513,-0.143913478,
307,954,16.682502747,-7.832675457,-3.477299452,0.241777852,0.479430526,0.843344748,-0.023164909,
308,956,15.653808594,-10.065430641,-1.609529018,0.225306436,0.460577160,0.855642557,0.071128115,
309,959,13.996452332,-11.951931953,1.864761591,0.174565434,0.467523962,0.845399559,0.190589845,
310,960,13.135222435,-12.706118584,2.515263319,0.166861489,0.457418680,0.843101561,0.228434250,
311,963,6.909438133,-15.019938469,7.456521988,0.062464345,0.416265011,0.792986333,0.440536439,
312,966,3.878057003,-14.209524155,9.878302574,-0.025280166,0.411106050,0.750082612,0.517500401,
313,971,5.121542454,-13.021927834,9.508365631,-0.017860511,0.450011939,0.745474458,0.491443783,18
314,974,5.284253597,-12.943949699,8.548230171,-0.011167078,0.439272791,0.755038381,0.486733258,
315,977,5.353134155,-12.010543823,9.167044640,-0.025477834,0.471655130,0.736315548,0.484572232,
316,980,5.430014610,-11.973097801,8.336518288,-0.011599509,0.469862580,0.738589227,0.483384013,
317,984,7.521322250,-10.219471931,7.998567581,-0.015735006,0.529317260,0.739425182,0.415818483,
318,986,7.423761368,-10.530134201,7.081395626,-0.001420347,0.510145545,0.751001954,0.419314146,
319,988,7.070155144,-10.809743881,6.338945866,0.019187611,0.502979875,0.748242736,0.432268023,
320,993,6.683955193,-9.883632660,6.649823666,-0.019161141,0.512984574,0.732470214,0.447266191,
321,997,6.394953728,-9.918490410,5.678321362,-0.005890741,0.500710249,0.734003723,0.458883047,
322,999,6.566558361,-9.805207253,5.200108051,0.008067280,0.509947836,0.733049810,0.450117409,
323,1013,7.015598297,-8.051240921,3.420870781,-0.002059346,0.556658387,0.710189998,0.431090385,
324,1016,6.630184650,-7.995761871,3.446877480,-0.020133065,0.532257736,0.711691439,0.458120912,
325,1019,3.715449095,-9.356356621,3.626490116,-0.025131272,0.440797538,0.665732980,0.601620972,
326,1028,-9.209261894,-4.154873371,-0.780054331,-0.297937363,-0.004432728,0.095209271,0.949858606,
327,1032,-9.283269882,-3.900259972,-1.566898346,-0.365126759,-0.031309314,0.081549466,0.926895797,
328,1036,-8.957567215,-5.117740154,-0.834732473,-0.320767134,0.031137429,0.200108349,0.925299227,
329,1038,-8.479866028,-5.817872524,0.019952480,-0.321570516,0.068575531,0.262936264,0.907103419,
330,1041,-8.045881271,-6.411056519,-0.804472268,-0.236968234,0.074885473,0.326328397,0.912047803,
331,1044,-8.058146477,-6.282515049,0.029242072,-0.283097953,0.121843159,0.329588115,0.892449260,
332,1046,-7.504730225,-6.661189556,1.161717176,-0.317075849,0.177563027,0.367417336,0.856167912,
333,1047,-7.736168385,-6.435006618,0.811332524,-0.312263370,0.178413928,0.353684068,0.863510847,
334,1049,-7.593280792,-6.359460831,-1.033109426,-0.333977938,0.097088501,0.335872710,0.875389040,
335,1052,-6.858987331,-6.744256020,-0.486825794,-0.321786940,0.136083201,0.400894523,0.846936703,
336,1055,-7.343490601,-5.812618732,-1.842854381,-0.343169719,0.099074006,0.330330789,0.873718619,
337,1058,-7.229176521,-5.676033974,-2.146592379,-0.433676958,0.081660427,0.284822822,0.851007760,
338,1061,-7.531280041,-5.252051830,-2.594309092,-0.444429725,0.099879660,0.266186416,0.849550068,
339,1066,-7.697247982,-4.116836548,-4.182354927,-0.442396671,0.075088203,0.209943339,0.868709087,
340,1071,-3.723064899,-0.783888400,-9.386693001,-0.475008041,-0.136907369,-0.210102960,0.843542695,
341,1075,-0.937461019,0.398353249,-10.596403122,-0.431270957,-0.209091932,-0.351885468,0.804081559,
342,1077,0.041028470,0.170662999,-10.809503555,-0.434867024,-0.239474490,-0.391290456,0.774931192,
343,1084,-0.839383185,0.529885113,-11.674476624,-0.446159661,-0.237440243,-0.340515912,0.792903125,
344,1086,0.074943081,0.409387201,-11.995706558,-0.446984351,-0.264133513,-0.371738821,0.769631207,
345,1088,-0.244059920,0.593516648,-12.211078644,-0.446678787,-0.261095047,-0.355215162,0.778597236,
346,1091,-0.116608150,0.527652264,-12.488928795,-0.450721741,-0.273743927,-0.348821461,0.774804652,
347,1094,2.289033651,3.024780750,-12.130158424,-0.353302091,-0.289335757,-0.445678502,0.770011306,
348,1097,0.306968808,0.959350705,-13.224888802,-0.449856043,-0.284067303,-0.362573653,0.765218854,
349,1102,0.067585327,1.034341455,-14.021642685,-0.468145072,-0.277286768,-0.363436103,0.756274104,
350,1106,0.298175156,1.374216437,-14.918489456,-0.466357738,-0.302154899,-0.350277036,0.754058063,
351,1108,-0.287261337,2.335618496,-15.158056259,-0.449147493,-0.290804267,-0.336589724,0.774913490,
352,1112,-0.648277044,2.146497965,-15.663949966,-0.471669137,-0.284251511,-0.334225744,0.764922559,
353,1114,-1.468806148,2.637993336,-15.803369522,-0.455438465,-0.287621558,-0.294073671,0.789590776,
354,1116,-2.310562849,2.486911774,-16.239202499,-0.457948714,-0.292873025,-0.252313912,0.800580919,
355,1120,-4.260981083,2.257222652,-16.438211441,-0.474924088,-0.263441920,-0.200729191,0.815375507,
356,1124,9.766478539,0.343771636,-14.903066635,-0.435535669,-0.387217462,-0.598956347,0.549279153,
357,1125,11.278777122,-0.334068000,-13.866725922,-0.416580379,-0.405241728,-0.635502338,0.508391440,
358,1127,16.209777832,-3.572784901,-6.887158871,-0.291901261,-0.481903821,-0.765639424,0.310554057,
359,1131,16.738447189,-5.308365345,-3.810256481,-0.246818468,-0.505371094,-0.799855649,0.209755585,
360,1133,16.758857727,-5.328389168,-3.650032997,-0.242266938,-0.508159876,-0.802245259,0.198918641,
361,1136,16.783815384,-5.309983253,-3.447569847,-0.247781381,-0.538529158,-0.782135963,0.192199275,
362,1138,16.712158203,-4.732100487,-4.392476082,-0.254688352,-0.523639202,-0.785151243,0.211092472,
363,1139,16.685920715,-4.517039776,-4.702796459,-0.260923803,-0.530138016,-0.776328921,0.219710693,
364,1142,16.844161987,-2.112046242,-5.669394016,-0.225961000,-0.464406997,-0.814124882,0.265621781,
365,1145,16.435304642,-1.238000631,-7.109131336,-0.245372310,-0.442142963,-0.811897635,0.291908473,
366,1146,16.242570877,-1.209076524,-7.616096497,-0.256942987,-0.434964806,-0.811087251,0.294974715,
367,1148,16.138284683,-1.035225749,-7.995756149,-0.265983343,-0.449154615,-0.799421847,0.297531366,
368,1150,16.277656555,-1.736827135,-7.700554371,-0.272626042,-0.473104477,-0.792660177,0.271339238,
369,1152,16.382669449,-2.227441788,-7.549798965,-0.275630832,-0.469558060,-0.802040160,0.245686814,
370,1154,16.510385513,-5.578201771,-5.615897655,-0.271328896,-0.452792287,-0.840772510,0.120616585,
371,1155,16.415317535,-7.387889385,-3.306298733,-0.242560267,-0.465033054,-0.850504339,0.040466093,
372,1157,15.636148453,-9.441911697,-0.793421805,-0.206300288,-0.460217506,-0.861702979,-0.056515578,
373,1158,15.102095604,-10.257236481,0.411151350,-0.177129030,-0.442239523,-0.873182774,-0.103385672,
374,1160,14.353956223,-11.039594650,1.973947644,-0.146064162,-0.441007912,-0.872016728,-0.154439643,
375,1162,13.491474152,-11.598945618,3.517206430,-0.105304189,-0.429845303,-0.873902142,-0.201310799,
376,1164,12.188204765,-11.690991402,6.172957420,-0.014645500,-0.406328112,-0.877368271,-0.254940063,
377,1166,10.604410172,-11.725060463,8.291387558,0.046139847,-0.407156438,-0.860149145,-0.303851306,
378,1167,10.225053787,-11.398147583,8.974861145,0.056954511,-0.427160144,-0.845440269,-0.315607637,
379,1169,7.206134796,-12.740678787,9.609177589,0.056667376,-0.419319004,-0.807583630,-0.410922468,
380,1171,6.461344719,-12.743786812,9.642955780,0.074969761,-0.405082881,-0.803386390,-0.430052996,
381,1174,5.172467709,-12.161175728,10.335837364,0.101227932,-0.419232577,-0.774127722,-0.463476628,
382,1175,5.185297966,-12.351461411,9.699032784,0.080968052,-0.419762015,-0.773483157,-0.468032360,
383,1177,4.988854408,-11.969390869,9.895634651,0.088893466,-0.431131929,-0.763550341,-0.472548634,
384,1180,6.442491055,-11.608014107,8.704990387,0.059407625,-0.447525650,-0.779525697,-0.434303910,
385,1183,7.500783920,-10.403062820,8.617682457,0.054092966,-0.495576024,-0.769240916,-0.399793983,
386,1185,8.169907570,-10.000856400,7.904542446,0.054712135,-0.492277890,-0.783203065,-0.375965953,
387,1186,7.930854321,-10.052253723,7.917779922,0.059050228,-0.487918973,-0.781695187,-0.384044558,
388,1188,7.859286785,-10.144245148,7.250993729,0.050720707,-0.479972243,-0.785830736,-0.386799455,
389,1189,7.909775734,-10.168113708,6.969742775,0.042857669,-0.481792688,-0.785889924,-0.385364980,
390,1192,6.774830341,-10.156111717,7.490494251,0.056207247,-0.492690533,-0.757508874,-0.424696356,
