kf_idx,img_idx,tx,ty,tz,qx,qy,qz,qw,loop_ids
0,10,-0.352441460,1.025669813,-0.909772396,0.025655992,-0.213962972,-0.182734540,0.959254765,99
1,11,-0.385073811,1.123508215,-1.137273073,0.030135055,-0.221196004,-0.151765363,0.962876670,99
2,13,-0.481293887,1.063005328,-1.398841381,-0.033178169,-0.218777654,-0.110051763,0.968980989,100
3,14,-0.432874739,1.281344771,-1.497404814,-0.011711871,-0.222231722,-0.123542012,0.967064251,100
4,15,-0.556752384,1.445802808,-1.578111291,-0.009492528,-0.189116972,-0.113694964,0.975304116,100
5,21,-0.103017718,2.234108925,-2.384323835,-0.003725743,-0.251828176,-0.137748798,0.957911247,102
6,25,-0.341873705,2.693446636,-2.800153255,0.013337660,-0.223568435,-0.104469378,0.968981636,103
7,28,-0.092446290,3.132070065,-2.972640753,0.037390097,-0.241732844,-0.127745308,0.961170302,103
8,31,-0.385995567,2.934072495,-3.648802996,-0.031825381,-0.223706590,-0.082054417,0.970674806,104
9,35,-0.165278912,3.607520103,-3.805678606,0.014557216,-0.252834416,-0.081344001,0.963974066,105
10,37,0.150083661,3.659115314,-4.073223114,-0.012761301,-0.255243648,-0.116588151,0.959736960,105
11,41,0.858247757,3.835876226,-4.820370674,-0.040667458,-0.292184219,-0.147645744,0.944020802,106
12,42,1.099992037,3.997163773,-4.935235500,-0.041341938,-0.297330108,-0.168961737,0.938795815,107
13,43,0.766985953,4.395796299,-4.980881691,-0.027680278,-0.261897157,-0.168357108,0.949894502,107
14,47,-0.212275952,3.896390676,-6.315950871,-0.108506299,-0.224552010,-0.086746386,0.964509120,108
15,49,1.015952468,3.640015841,-6.953921795,-0.130713928,-0.291111613,-0.115340407,0.940672360,109
16,52,2.590843201,2.617301702,-7.554262161,-0.210243165,-0.350945161,-0.173268407,0.895886915,110
17,56,0.996455073,4.529928684,-7.694134235,-0.127435990,-0.267444289,-0.111899963,0.948531506,111
18,59,1.886414528,4.294839382,-8.265888214,-0.164887129,-0.276929335,-0.163530948,0.932405495,112;313
19,62,1.340894461,5.076929569,-8.364730835,-0.136565025,-0.269480501,-0.127903831,0.944653833,112
20,65,1.161741614,4.752618313,-9.091023445,-0.188427247,-0.235649844,-0.150935428,0.941372838,113
21,70,0.539056301,5.478622437,-9.551473618,-0.179062054,-0.230204041,-0.111430068,0.950013800,114
22,74,0.866249084,6.103936672,-9.925595284,-0.166664655,-0.250680616,-0.107065245,0.947585962,115
23,79,1.164015770,5.880075455,-10.924477577,-0.206650372,-0.249678482,-0.111125849,0.939471833,117
24,82,1.381179571,5.953148365,-11.260341644,-0.220191041,-0.233151455,-0.135497119,0.937441644,118
25,84,2.990244389,5.919904709,-11.211104393,-0.226530114,-0.250991113,-0.203821009,0.918773402,118
26,87,8.169278145,5.167161465,-9.095790863,-0.187146729,-0.319014406,-0.419750501,0.828863938,118
27,90,12.346573830,1.272237062,-5.370814800,-0.154457730,-0.401827295,-0.624757607,0.651425796,119
28,92,13.035159111,0.331366032,-3.969153404,0.139522953,0.439267036,0.657681152,-0.595846724,120
29,95,13.208312988,0.418076664,-4.082840919,0.123746152,0.421541163,0.683464768,-0.582980144,120
30,99,13.083905220,0.997982979,-4.821925640,0.153737487,0.457349947,0.641772579,-0.596090402,122
31,102,12.711998940,2.287646532,-5.687505722,0.144509129,0.429998835,0.633514616,-0.626799287,122
32,105,12.826419830,2.581384182,-5.604787350,0.138913718,0.439178423,0.636658965,-0.618458288,123
33,108,13.169894218,2.440517187,-5.340299129,0.133989569,0.444844432,0.655246685,-0.595660984,124
34,111,12.831857681,2.786146164,-6.429478168,0.169507857,0.464405074,0.620429210,-0.608820671,125
35,113,12.629016876,3.548387051,-6.800970078,-0.162724681,-0.449545478,-0.619085868,0.623026668,125
36,115,12.858306885,3.610468864,-6.622046947,0.157889422,0.453171466,0.630290024,-0.610279476,126
37,118,12.915964127,3.274580717,-7.177457809,0.186911925,0.477118095,0.615580416,-0.598734504,127
38,119,13.077592850,3.825505733,-6.855343819,0.165933765,0.485320227,0.614719158,-0.599208328,127
39,123,13.116340637,3.216386795,-7.989514351,-0.208155695,-0.524079770,-0.582156408,0.585752097,128
40,126,13.068245888,2.864406586,-8.832795143,-0.231204115,-0.528424265,-0.576322607,0.578934111,128
41,130,11.593282700,4.857121468,-10.778073311,-0.226008396,-0.494235346,-0.548172907,0.635734293,129
42,134,11.266050339,4.261409760,-12.225577354,-0.264692202,-0.512573848,-0.520551585,0.629469727,130
43,139,11.445743561,5.738697052,-12.466767311,-0.238855140,-0.508241501,-0.532094275,0.633651703,131
44,144,10.896920204,6.099155903,-14.040932655,-0.262495347,-0.491122541,-0.530154683,0.639398823,136
45,146,10.969887733,7.251262188,-14.093707085,-0.244401681,-0.474377835,-0.546523948,0.645403023,136
46,149,10.925902367,7.178170204,-14.993279457,-0.258790504,-0.481081538,-0.536565843,0.643183586,136
47,153,15.189155579,4.360464096,-13.070421219,0.267586642,0.486176633,0.649270139,-0.520074953,137
48,157,19.988891602,-3.662610292,-3.859139681,0.190686426,0.517021886,0.805749770,-0.217012360,137
49,161,17.452096939,-10.089180946,3.913538694,0.112949192,0.517051860,0.847508425,0.040364871,138
50,164,15.215610504,-11.598429680,6.645185947,0.097519071,0.541286845,0.823267370,0.140461455,139
51,165,15.204705238,-11.447192192,6.680415154,0.100104672,0.547769342,0.818317669,0.142421896,139
52,168,15.271180153,-11.160841942,6.002399445,0.102176513,0.535359553,0.826858826,0.138760913,139
53,173,16.068485260,-9.284125328,5.012346268,0.108907273,0.558630191,0.815258384,0.106889113,
54,176,15.635093689,-9.505723953,4.661323547,0.112459588,0.544448527,0.821664198,0.125684477,
55,182,16.132766724,-7.877303600,3.946506500,0.108737835,0.562288576,0.813378216,0.102095631,
56,184,16.237367630,-7.586812019,3.332510710,0.114704990,0.552813729,0.819906456,0.094832216,
57,187,16.231721878,-7.160281658,3.042110682,0.113220682,0.548545598,0.823220992,0.092660687,
58,189,16.282451630,-6.812148094,2.934573412,0.113518827,0.556092911,0.818310053,0.090789909,
59,192,15.661478043,-7.479358196,3.554134369,0.109753761,0.547034214,0.819348241,0.131818591,
60,195,16.007036209,-6.449831009,2.599461079,0.117358833,0.551207185,0.818922498,0.108459605,
61,196,15.949774742,-6.299604893,2.707787991,0.114459167,0.553995449,0.816846163,0.112918057,
62,198,16.094778061,-5.716639519,2.447826862,0.111017018,0.550990643,0.820570133,0.103678302,
63,199,16.021814346,-5.920294285,1.962618828,0.125261296,0.544845973,0.822369163,0.105647688,
64,203,16.090993881,-5.062672615,1.889764428,0.114785502,0.539272333,0.827799273,0.103720798,
65,207,16.165657043,-4.134531021,1.226109385,0.120398030,0.543117932,0.825436985,0.095817587,
66,211,16.023756027,-4.116385460,1.316079259,0.122698418,0.558769279,0.811316591,0.120363533,
67,215,15.019496918,-6.614327908,1.750424027,0.153621381,0.517440534,0.814615250,0.212268133,
68,216,14.787722588,-6.948962212,2.126062393,0.150392914,0.514447169,0.811926373,0.231304229,
69,217,14.536877632,-7.209252834,2.679588318,0.142564998,0.516884346,0.805636658,0.251903492,
70,221,8.618726730,-11.642848969,6.982199669,0.078310870,0.402307983,0.761152237,0.502655913,
71,224,3.346094131,-13.076650620,8.076889992,0.047541869,0.322915320,0.688353128,0.647792743,
72,227,-2.553256750,-13.076929092,7.540564537,0.015624615,0.216047172,0.592430479,0.775954650,
73,230,-2.050852537,-12.189326286,7.727147579,0.013745401,0.250755600,0.586471276,0.770054631,
74,236,0.204738691,-10.099467278,8.646835327,-0.026756826,0.346173349,0.602933510,0.718275203,
75,239,0.705472410,-9.356371880,8.660597801,-0.039156548,0.368662756,0.605213712,0.704464974,
76,243,0.583795369,-8.517371178,8.584234238,-0.058817175,0.382156528,0.593371270,0.705979790,
77,246,0.549030960,-8.210762978,8.087871552,-0.060752299,0.375346753,0.597915674,0.705635048,
78,250,1.230695963,-8.012609482,7.108545303,-0.029583885,0.387281693,0.613173112,0.687863662,
79,252,1.127830386,-7.789348602,6.914416313,-0.039737879,0.379801762,0.615087161,0.689811066,
80,255,0.462965578,-7.405693054,6.830430508,-0.063266071,0.354359522,0.606283167,0.709117377,
81,257,-0.307942361,-7.152249813,6.698454380,-0.081117568,0.327886559,0.591796345,0.731906709,
82,260,-0.113829724,-7.764158726,5.093966007,0.008012540,0.309746909,0.603985239,0.734298634,
83,261,0.152471215,-7.683545113,4.962499619,0.008630000,0.317657813,0.611632311,0.724517049,
84,263,0.220808953,-6.918050766,5.535170555,-0.028878126,0.356438411,0.591211454,0.722901605,
85,266,0.407612711,-5.885941029,5.881839275,-0.087003782,0.376184386,0.589892541,0.709184349,
86,268,0.546618938,-5.325012684,5.854734898,-0.102821578,0.401305432,0.578753387,0.702443016,
87,270,0.552530229,-4.937577724,5.601724148,-0.109726027,0.414177425,0.569209454,0.701724915,
88,273,0.293985873,-5.187137127,4.471488953,-0.072313676,0.374964787,0.578408204,0.720844012,
89,277,0.091786601,-4.540068626,4.249946117,-0.099804945,0.391800643,0.549487234,0.731160044,
90,279,0.146958515,-4.371853828,3.896832228,-0.099129526,0.384661793,0.555651209,0.730383719,
91,283,0.430322438,-4.166720390,3.168193817,-0.091176148,0.380120361,0.576031379,0.717901993,
92,286,0.468796790,-3.818226337,2.993004322,-0.092530284,0.405160525,0.560367910,0.716429271,
93,291,0.561602294,-3.236096859,1.907586813,-0.055350113,0.417066232,0.558826591,0.714636246,
94,294,0.722572625,-2.953296900,1.614527822,-0.057043268,0.427895397,0.567418695,0.701204406,
95,298,0.360934883,-2.733414650,0.981844604,-0.011845503,0.404155766,0.515689844,0.755368642,
96,300,-0.269166082,-2.524033546,0.910487652,-0.036377383,0.354794690,0.429447675,0.829681932,
97,303,-0.893947840,-2.153136969,0.526233494,-0.078626459,0.243394901,0.332272076,0.907839231,
98,306,-1.794949055,-1.210201383,-0.602775574,-0.120086248,-0.012862858,0.059753896,0.990880069,
99,310,-1.719170690,-0.344070941,-1.850766778,-0.153435782,-0.157557747,-0.123454262,0.967673531,0;1
100,312,-1.674591303,-0.371578276,-2.271027088,-0.197065652,-0.166025186,-0.099204659,0.961123926,2;3;4
101,316,-1.679785848,-0.259540498,-2.930715561,-0.197869083,-0.161366038,-0.060730660,0.964945913,
102,320,-1.596352577,-0.168490604,-3.548436165,-0.253789257,-0.174811675,-0.074370296,0.948420239,5
103,322,-1.689575553,-0.400191635,-3.829537868,-0.297938731,-0.172158032,-0.044220950,0.937890523,6;7
104,326,-1.886524200,-0.397967815,-4.591308594,-0.332705376,-0.159247419,-0.074904481,0.926464630,8
105,330,-1.455749869,0.142397016,-5.465248108,-0.291049719,-0.197863234,-0.090521918,0.931636187,9;10
106,335,-1.077221870,0.769330919,-6.313573837,-0.256127358,-0.210154294,-0.104670888,0.937698221,11
107,337,-1.209607005,0.219195276,-6.756704330,-0.289965354,-0.213492125,-0.053470062,0.931387223,12;13
108,340,-1.860705137,-0.001929455,-7.254673004,-0.327078427,-0.161662457,-0.042112323,0.930113705,14
109,344,-2.356056929,-0.577552676,-7.967267513,-0.367717736,-0.135017584,-0.004484666,0.920072718,15
110,346,-2.234767437,-0.285433859,-8.470525742,-0.361362981,-0.140962086,-0.008419997,0.921670001,16
111,350,-1.533234358,0.168837547,-9.362927437,-0.351234902,-0.178535799,-0.010927653,0.919042762,17
112,353,-1.705885887,0.736874104,-9.837872505,-0.341440304,-0.158819794,-0.023434497,0.926091581,18;19
113,356,-1.834261775,0.827094078,-10.332716942,-0.358170971,-0.143010647,-0.031385806,0.922104355,20
114,359,-2.113973379,2.206521034,-10.702235222,-0.299658473,-0.143030183,-0.000798137,0.943263765,21
115,363,-2.366225004,1.485740900,-11.280214310,-0.346331350,-0.125879719,0.003042431,0.929623384,22
116,367,0.540213764,1.809499145,-12.073234558,-0.362207115,-0.188815394,-0.121291715,0.904678436,
117,370,4.784234047,0.843008518,-11.528562546,-0.374975059,-0.289562787,-0.287010976,0.832569395,23
118,374,9.972203255,-1.101728320,-7.979364872,-0.325585883,-0.440631794,-0.489118252,0.678675763,24;25;26
119,377,11.287153244,-2.201267481,-5.903052807,-0.304671759,-0.505818171,-0.544536883,0.595653154,27
120,381,11.504680634,-2.387248039,-5.743322372,-0.314432730,-0.532648642,-0.542867690,0.568077595,28;29
121,385,11.255961418,-1.219428062,-6.951833248,-0.299257557,-0.501489433,-0.549435861,0.597556272,
122,388,10.398248672,-1.109932423,-8.535924911,-0.346406794,-0.491391545,-0.499264021,0.623916757,30;31
123,392,9.754223824,0.981081307,-9.717946053,-0.310110998,-0.450340786,-0.494101544,0.675934916,32
124,396,10.347024918,0.036242444,-9.488063812,-0.329634682,-0.470474188,-0.519051673,0.632914193,33
125,400,10.400939941,0.557066321,-9.910786629,-0.325681456,-0.470729689,-0.522591531,0.631856978,34;35
126,404,10.357838631,0.477879405,-10.330035210,-0.338995461,-0.479753385,-0.513642970,0.625371623,36
127,408,10.423044205,1.874898195,-10.775751114,-0.309043771,-0.469361509,-0.522103433,0.641560385,37;38
128,412,10.049818993,3.388557673,-11.530387878,-0.286147777,-0.454627921,-0.516591225,0.666758134,39;40;417
129,418,10.275582314,2.280139685,-12.748758316,-0.325154263,-0.499668889,-0.482825572,0.641471101,41
130,424,8.659168243,3.515305519,-14.772471428,-0.332668519,-0.485929737,-0.431435695,0.683423141,42
131,429,9.339218140,5.837090969,-14.360719681,-0.283147411,-0.468053825,-0.475722571,0.688796919,43
132,433,9.353766441,4.937095642,-15.398858070,-0.326126531,-0.449613045,-0.494457068,0.668581934,
133,437,8.833667755,6.513453007,-15.698805809,-0.305868504,-0.428797626,-0.492678992,0.692708066,
134,441,16.128587723,1.105346799,-11.283536911,0.296997650,0.487625759,0.670912946,-0.473169457,
135,445,18.957620621,-5.259491920,-2.463977814,0.230207622,0.580670489,0.752108196,-0.210141607,
136,449,16.127798080,-9.596294403,5.713793755,0.112084654,0.571729496,0.812219744,0.029351326,44;45;46
137,453,14.914765358,-10.488969803,6.448839664,0.143654821,0.603550613,0.779479884,0.086608661,47;48
138,455,14.927457809,-10.335799217,6.222868443,0.143804090,0.601654653,0.781008753,0.085775222,49;428
139,460,15.217335701,-9.523696899,5.418313026,0.164744977,0.625817781,0.758643903,0.075303563,50;51;52
140,468,15.881028175,-7.770350933,4.117744923,0.161287491,0.633056749,0.755686280,0.046516062,
141,470,16.134656906,-7.334586620,2.875926256,0.162102141,0.600553059,0.782600388,0.024403930,
142,474,14.555624008,-8.325460434,5.343229771,0.123137855,0.593007603,0.786484365,0.120918961,
143,476,14.462538719,-8.745055199,4.588059425,0.152910207,0.596269416,0.777949196,0.126001191,
144,479,14.481620789,-8.121776581,4.562665462,0.150771119,0.614046767,0.763236051,0.132986345,
145,483,14.649960518,-8.074488640,2.705162525,0.186053054,0.607177537,0.763383046,0.118177936,
146,491,15.850007057,-5.021063328,-0.058959402,0.194296167,0.629085914,0.752431327,0.018628199,
147,493,15.700735092,-5.231824398,-0.306014448,0.203570526,0.622135701,0.755447799,0.028369605,
148,496,15.574758530,-5.098751545,-0.840056539,0.204803628,0.570248614,0.794854599,0.032835319,
149,501,15.182577133,-6.244654179,-1.161583185,0.234193244,0.560424402,0.790534668,0.078313170,
150,503,13.204782486,-9.042225838,3.198807716,0.177866642,0.540265093,0.784590406,0.246769088,
151,507,4.291893005,-12.529894829,8.886890411,0.052999997,0.411996327,0.714895766,0.562471395,
152,510,-0.004693566,-12.384812355,9.350509644,0.022461375,0.363317367,0.645216797,0.671707721,
153,513,-0.113600120,-11.116157532,10.324028015,-0.017258480,0.390675769,0.624353292,0.676208219,
154,515,-0.974053741,-10.460368156,10.487381935,-0.062974852,0.370445860,0.616954395,0.691499319,
155,518,-0.889456868,-10.033315659,10.266788483,-0.065852131,0.377073793,0.612075644,0.691984290,
156,521,-0.808777392,-9.696617126,9.982574463,-0.059293052,0.385356136,0.606752920,0.692701867,
157,523,-0.785286546,-9.520578384,9.594408035,-0.048283223,0.387710957,0.604002125,0.694644065,
158,525,-0.037246257,-9.399171829,9.123276711,-0.035881148,0.402230417,0.615256350,0.677039776,
159,526,-0.409402668,-8.892014503,9.269748688,-0.054356956,0.406764803,0.601383400,0.685511286,
160,528,-0.274479747,-8.222202301,9.147458076,-0.062047907,0.423782975,0.592429255,0.682338351,
161,530,-0.031947676,-8.133244514,8.637249947,-0.045890250,0.427431271,0.596023649,0.678197908,
162,532,0.328813106,-7.714181423,8.458837509,-0.059361505,0.436494935,0.603695810,0.664454477,
163,535,0.238721624,-7.853929520,7.541014194,-0.035326943,0.422014741,0.609983493,0.669757944,
164,537,0.135277703,-7.260300159,7.673181057,-0.057249943,0.429019395,0.602381291,0.670672485,
165,540,0.195319518,-8.144076347,5.888243198,-0.007660666,0.371218552,0.643196570,0.669653846,
166,543,0.061599065,-7.710149288,5.633897305,-0.011506684,0.372717596,0.635941438,0.675668319,
167,547,0.241706282,-6.725406170,5.279415131,-0.025099034,0.407298820,0.616715042,0.673156940,
168,549,0.302755624,-6.516922951,4.888159752,-0.021242673,0.409332927,0.617047258,0.671749942,
169,551,0.560397744,-6.010565758,4.987533569,-0.047794491,0.426053626,0.617610906,0.659356325,
170,554,0.619095922,-5.924686909,4.087575436,-0.034858064,0.411909319,0.627996618,0.659345035,
171,557,0.385557264,-5.569937706,3.842539549,-0.041203341,0.409679494,0.615416332,0.672106937,
172,561,0.200869665,-5.139771461,3.353975534,-0.047584479,0.394310499,0.612226827,0.683690909,
173,564,0.452037930,-4.676492691,2.718646049,-0.046698045,0.411334977,0.616355113,0.669872528,
174,568,0.321582824,-4.189364910,1.874966145,-0.049425505,0.406417372,0.612823394,0.675891653,
175,572,-0.086493462,-3.380723476,1.530151486,-0.072955636,0.429929173,0.539063322,0.720589423,
176,576,-2.587968826,-2.198249340,-0.117448725,-0.155618835,0.138133356,0.230364126,0.950596825,
177,579,-2.060665369,-0.696435928,-2.714097977,-0.183155822,-0.204475585,-0.069844137,0.959044043,
178,581,-1.798434138,-0.588131905,-3.304873466,-0.232060625,-0.262236427,-0.119033784,0.929091428,
179,585,-2.405194283,-0.458969921,-3.844760895,-0.230664671,-0.186517195,-0.032011152,0.954452949,
180,589,-2.520523548,-0.214508489,-4.788002968,-0.282138681,-0.179788637,-0.065535884,0.940095133,
181,591,-2.810775280,0.347378194,-5.133170128,-0.227323208,-0.161017491,-0.035183044,0.959770639,
182,594,-2.752462387,-0.261998862,-5.843384743,-0.293846688,-0.165604184,-0.013970830,0.941293894,
183,598,-2.495274544,1.574420452,-6.431365967,-0.157994972,-0.177873627,-0.030377797,0.970811903,
184,602,-2.453779936,-0.415856540,-7.564435005,-0.343743939,-0.155802337,-0.032881807,0.925464490,
185,605,-3.370999575,0.872363865,-7.845809937,-0.272011000,-0.094316934,-0.005833071,0.957643100,
186,608,-3.215375423,0.017335128,-8.679053307,-0.332786560,-0.103222575,-0.003098892,0.937330573,
187,611,-2.930025578,-0.695960104,-9.417820930,-0.381760324,-0.115976034,0.004731115,0.916943963,
188,613,-2.913441420,-1.019473076,-9.847074509,-0.405360419,-0.116366220,0.012179868,0.906638563,
189,615,-3.200553656,-0.909008086,-10.109116554,-0.409069275,-0.099975961,0.019528658,0.906799739,
190,618,-2.732364178,0.646957994,-10.803690910,-0.352470063,-0.119996059,0.014742855,0.927980845,
191,621,0.310069412,2.093263388,-11.452991486,-0.343891814,-0.142764852,-0.206738594,0.904773878,
192,623,2.455873489,1.468413830,-11.553742409,-0.358185927,-0.206898894,-0.272237875,0.868782038,
193,625,5.255289078,0.666406989,-10.991791725,-0.352950066,-0.270062623,-0.393657986,0.804689891,
194,630,9.173454285,-0.827760577,-8.677307129,-0.307468976,-0.383548474,-0.543008238,0.680805002,
195,633,10.083223343,-1.082368851,-8.129345894,-0.301088143,-0.430383655,-0.558915711,0.641661179,
196,637,9.807632446,-0.512166023,-8.976546288,-0.304771574,-0.418661774,-0.558270613,0.648205623,
197,641,9.368856430,0.296041578,-9.823726654,-0.306889048,-0.400797088,-0.550561624,0.664877962,
198,645,8.675481796,-0.944897652,-10.898869514,-0.379223859,-0.425847649,-0.503616906,0.649009289,
199,649,8.579186440,1.524378538,-11.428611755,-0.321517871,-0.388774554,-0.528633188,0.682662111,
200,651,8.651922226,0.602206886,-11.783259392,-0.353634211,-0.411072592,-0.518244662,0.661350618,
201,655,8.158556938,1.370022058,-12.839963913,-0.357012415,-0.411775926,-0.489864348,0.680452528,
202,660,8.427135468,1.378039002,-13.710971832,-0.366129911,-0.436554940,-0.472421003,0.672448561,492
203,665,9.911991119,1.110681891,-13.678418159,-0.362742820,-0.468151448,-0.499759801,0.632053803,
204,668,10.099663734,2.391577244,-14.187843323,-0.341856978,-0.462857363,-0.507539086,0.641327485,
205,672,10.333912849,3.299951792,-14.957265854,-0.340937704,-0.428132213,-0.543361747,0.636570737,
206,676,16.509977341,-1.552129149,-9.304488182,0.287420942,0.493791263,0.711357925,-0.409303425,
207,681,16.677921295,-9.124210358,1.183689952,0.166557920,0.524304629,0.832499168,-0.065637258,
208,684,15.355420113,-10.572627068,3.176776409,0.138271891,0.520462018,0.842492269,0.014385673,
209,686,15.421601295,-10.278130531,2.950454235,0.154534758,0.540577661,0.826873234,0.013245979,
210,689,15.672380447,-9.846340179,2.067995071,0.178494403,0.552987397,0.813839246,-0.003219984,
211,691,15.354214668,-9.947686195,2.701571941,0.164496382,0.552858687,0.816685905,0.017673278,
212,694,14.164192200,-10.572612762,4.031725883,0.139311360,0.546227414,0.822130958,0.079552777,
213,696,14.577705383,-9.948161125,3.446763754,0.151040078,0.559734637,0.812557907,0.060280008,
214,698,14.767540932,-9.598124504,2.711417437,0.165360935,0.563052422,0.808292119,0.047870461,
215,700,14.297638893,-9.554602623,4.033383846,0.141333710,0.577094262,0.800402327,0.079643641,
216,702,14.188685417,-9.496889114,3.993640184,0.139898652,0.574948747,0.801546505,0.085938968,
217,704,15.140292168,-8.408573151,2.167370796,0.155648010,0.564659228,0.809986798,0.029241063,
218,706,15.542725563,-7.614439487,0.998985529,0.169043233,0.565182514,0.807456952,-0.002526175,
219,708,15.767525673,-6.952997208,0.693625331,0.170530430,0.579265643,0.796906609,-0.017622265,
220,712,15.900551796,-6.078005791,0.208877027,0.171355110,0.585228354,0.792097631,-0.026954458,
221,713,15.853776932,-6.137529373,-0.396378815,0.188737927,0.585587446,0.787634823,-0.033116818,
222,715,14.908441544,-7.386501789,2.408949375,0.131339657,0.559327004,0.815748068,0.066770397,
223,716,14.572291374,-7.751786709,2.813111305,0.130188786,0.562590806,0.811477112,0.089707091,
224,718,14.796897888,-7.433294296,1.500683904,0.147491136,0.539878681,0.825564469,0.072254287,
225,719,14.919054031,-7.030604362,1.637211323,0.136768704,0.540190915,0.827613158,0.067413331,
226,721,14.904272079,-6.834688187,1.678505898,0.141933397,0.560361179,0.812842073,0.071680019,
227,722,14.813066483,-7.065924168,1.339527845,0.156053938,0.560855860,0.809518313,0.075947175,
228,726,12.409152031,-10.512129784,2.050170183,0.176929622,0.494636197,0.822749990,0.217056201,
229,727,10.748413086,-11.644049644,3.754115105,0.154036356,0.486785741,0.805683157,0.300311662,
230,730,4.992079735,-13.154964447,7.505279064,0.064312065,0.431741731,0.744040209,0.505833176,
231,734,-2.062996864,-12.173048019,9.216059685,-0.070588043,0.341188182,0.642097941,0.682874942,
232,736,-3.043011427,-11.585266113,9.046475410,-0.085386597,0.332804845,0.618101388,0.707036588,
233,741,-2.118985653,-10.600326538,8.941361427,-0.060948134,0.381142552,0.608889682,0.693014455,
234,744,-0.534558773,-9.989295959,9.085474014,-0.066540682,0.422174979,0.628008306,0.650343134,
235,749,1.315195918,-8.844636917,8.728762627,-0.079552701,0.466100890,0.652157266,0.592547237,
236,753,0.032515332,-8.722272873,7.534224510,-0.057542611,0.441669359,0.627989613,0.638158343,
237,756,0.634103596,-8.685790062,6.420334339,-0.029916071,0.436374678,0.651578819,0.619779970,
238,761,0.746947706,-7.824360371,5.697885513,-0.054967364,0.440934133,0.654483870,0.611724237,
239,764,0.562442005,-7.453855515,4.880211353,-0.066299565,0.421184871,0.658230589,0.620435463,
240,767,0.268102825,-6.948946476,4.214542389,-0.096038535,0.394170425,0.657608416,0.634789293,
241,770,0.046278741,-6.708267689,3.672601938,-0.074025240,0.399331956,0.643666501,0.648650667,
242,775,0.605970979,-6.282317638,2.916202068,-0.050542124,0.426884658,0.656890766,0.619442898,
243,778,0.746367216,-5.958993912,2.800763369,-0.064247322,0.433921053,0.658225496,0.611820233,
244,782,0.652806520,-5.590182781,2.381794691,-0.072494379,0.432400600,0.651573965,0.619052223,
245,785,-0.628578961,-5.322834492,1.647008777,-0.023223417,0.413171246,0.572560325,0.707760460,
246,790,-3.604620934,-3.682750940,0.027715852,-0.133017311,0.185335205,0.318435604,0.920084791,
247,792,-4.268956661,-2.441021681,-1.296838641,-0.201327532,0.062291150,0.148869788,0.966139133,
248,797,-3.412050724,-0.895355284,-4.615328789,-0.318162738,-0.152941089,-0.098844877,0.930382279,
249,801,-4.357119083,-1.244613051,-4.247433186,-0.299131902,-0.074921858,0.004215726,0.951256563,
250,804,-3.459691048,-1.303321362,-5.699437141,-0.345173807,-0.170892888,-0.049412057,0.921525427,
251,806,-3.904147387,-1.439578772,-5.743271351,-0.370564939,-0.139049576,-0.027070528,0.917940101,
252,810,-4.796037674,-1.003147006,-5.635949612,-0.310937997,-0.077654066,0.045778695,0.946145718,
253,815,-5.472260475,-0.683770478,-5.875413418,-0.258729319,-0.040436428,0.109867578,0.958829052,
254,817,-5.266579628,-1.217670083,-6.452942848,-0.269701436,-0.060734049,0.147383099,0.949658219,
255,819,-5.374652386,-0.790751696,-6.850156784,-0.255582781,-0.050419032,0.129077766,0.956804209,
256,821,-4.795870304,-0.566955745,-7.558550835,-0.282482922,-0.083756639,0.082605927,0.952031767,
257,824,-5.666287899,-1.615441799,-7.384886742,-0.312506203,-0.026648398,0.178268677,0.932657501,541
258,825,-5.335079193,-0.621358454,-7.958371162,-0.304673039,-0.037711684,0.113843139,0.944876663,
259,829,-5.051705837,-1.746039391,-8.529920578,-0.389270376,-0.036291959,0.109246248,0.913901923,
260,833,-4.998625755,-1.406655550,-9.137387276,-0.377382342,-0.041663974,0.134451084,0.915297540,
261,835,-4.434614182,-1.223151803,-9.811867714,-0.396957208,-0.061804979,0.101017586,0.910165132,
262,838,-4.603494167,-2.045083523,-10.035954475,-0.434377475,-0.056722226,0.134298299,0.888854749,
263,841,-0.534023404,1.807661057,-11.589674950,-0.370125737,-0.100196769,-0.198099088,0.902066681,
264,844,3.198945045,1.010053039,-11.598113060,-0.372585516,-0.185517924,-0.359954256,0.834982674,
265,848,9.066297531,-2.867997646,-7.887745380,0.327682490,0.367371744,0.618132965,-0.612840783,
266,852,9.165080070,-2.222036123,-8.284798622,-0.333868944,-0.400594103,-0.575824116,0.629668548,
267,855,8.684130669,-2.058145046,-9.030741692,-0.362763687,-0.411636999,-0.533580840,0.643621764,
268,857,9.122273445,-2.204061508,-8.599253654,-0.348192541,-0.420154450,-0.569421491,0.614810018,
269,862,6.326667309,-0.738128722,-11.496537209,-0.397378397,-0.343977503,-0.486052452,0.698228402,
270,866,7.734106064,0.496050894,-10.998405457,-0.337487707,-0.385578910,-0.507980000,0.692377983,
271,870,7.000283718,-0.023228116,-12.083789825,-0.380287774,-0.377651582,-0.489532826,0.687835811,
272,874,6.204807281,0.658861637,-13.083392143,-0.388026889,-0.356839910,-0.473741236,0.705457053,
273,877,6.001486301,0.728851914,-13.525380135,-0.395564374,-0.367197086,-0.452993914,0.709571448,
274,879,6.125986099,0.957738042,-13.665237427,-0.393364736,-0.362109888,-0.467047462,0.704277844,
275,881,5.237184048,2.364283085,-14.133208275,-0.374986098,-0.337848798,-0.448648608,0.737535112,
276,883,4.115658283,2.170172691,-14.724521637,-0.396773474,-0.332014059,-0.409361139,0.751505777,
277,887,5.129767895,2.933729649,-14.758675575,-0.374293085,-0.343302537,-0.443616171,0.738412315,
278,890,5.003848076,3.548947811,-15.225149155,-0.369600966,-0.352382781,-0.428717759,0.745266788,
279,893,5.298439503,2.914831638,-15.815363884,-0.392149583,-0.362343084,-0.433529103,0.725932993,
280,896,5.022648811,3.727377176,-16.321271896,-0.380919339,-0.365626175,-0.416134842,0.740303823,
281,898,4.235288143,3.364883900,-16.967037201,-0.401174712,-0.357475602,-0.396453748,0.744375221,
282,901,5.892539978,3.375992537,-16.995414734,-0.401519539,-0.348446243,-0.464436269,0.708284002,
283,904,9.720959663,2.198162317,-15.684363365,-0.384612597,-0.361459555,-0.580761763,0.619786992,
284,905,11.225509644,1.690086722,-14.787404060,0.367251034,0.383486062,0.610438508,-0.587732887,
285,907,14.315490723,0.044752929,-12.103923798,0.322636799,0.410419864,0.694762055,-0.494739041,
286,908,15.105204582,-0.784807146,-11.094566345,0.311475169,0.425731846,0.713437586,-0.461240095,
287,911,17.621559143,-4.299392700,-4.738995552,0.224620478,0.496475612,0.787081563,-0.289067849,
288,913,17.706357956,-4.878383160,-3.705514908,0.199556258,0.481512215,0.815140800,-0.252722700,
289,915,17.746799469,-4.945725918,-3.349626303,0.196330393,0.492783737,0.812378942,-0.242196243,
290,919,17.258634567,-6.258928776,-3.149265528,0.235512330,0.536317659,0.785582996,-0.199390741,
291,921,17.382278442,-5.382138252,-3.612787962,0.227396855,0.530075833,0.788655588,-0.212914642,
292,924,17.347642899,-4.775638580,-4.370089531,0.234112968,0.529385894,0.782890810,-0.228086984,
293,926,17.267671585,-4.303480148,-5.136710644,0.244202606,0.529038989,0.774869933,-0.245070238,
294,928,17.366910934,-3.337326765,-5.468984604,0.237641664,0.536892047,0.765119804,-0.264319985,
295,930,17.441118240,-3.418473959,-5.146803379,0.230213705,0.533582429,0.773954069,-0.251568162,
296,931,17.415485382,-3.115956545,-5.421091557,0.230668148,0.529019939,0.774545563,-0.258861510,
297,932,17.350709915,-3.446278095,-5.448478699,0.239687426,0.536045490,0.770130782,-0.249206240,
298,935,17.119161606,-2.705467463,-6.706130028,0.251227187,0.507060742,0.779348456,-0.269054435,
299,937,17.109235764,-2.146227360,-7.076055527,0.249263260,0.501425817,0.780098662,-0.279080733,
300,938,17.012777328,-1.686442256,-7.633641720,0.254091998,0.500647635,0.774935269,-0.290283537,
301,940,16.905242920,-1.263402104,-8.147450447,0.258321372,0.495064098,0.773938775,-0.298664327,
302,942,17.795084000,-2.945805788,-5.299777508,0.218789784,0.509608039,0.805025360,-0.210629642,
303,943,17.916011810,-3.755322456,-4.131411552,0.202541394,0.506831623,0.819915278,-0.172735710,
304,945,17.944393158,-4.703433037,-2.345604897,0.174534684,0.510321200,0.833883759,-0.117250983,
305,947,17.998264313,-4.083009720,-3.021304131,0.184208373,0.523868411,0.820719766,-0.134343696,
306,949,17.729024887,-4.185535908,-4.405314922,0.217852662,0.524214953,0.810573499,-0.143907972,
307,954,16.682502747,-7.832675457,-3.477299452,0.241768528,0.479412036,0.843312224,-0.023164016,
308,956,15.653808594,-10.065430641,-1.609529018,0.225297683,0.460559267,0.855609315,0.071125352,
309,959,13.996452332,-11.951931953,1.864761591,0.174558744,0.467506045,0.845367161,0.190582541,
310,960,13.135222435,-12.706118584,2.515263319,0.166855061,0.457401058,0.843069081,0.228425450,
311,963,6.909438133,-15.019938469,7.456521988,0.062461908,0.416248771,0.792955396,0.440519252,
312,966,3.878057003,-14.209524155,9.878302574,-0.025279182,0.411090046,0.750053413,0.517480256,
313,971,5.121542454,-13.021927834,9.508365631,-0.017859806,0.449994187,0.745445050,0.491424396,18
314,974,5.284253597,-12.943949699,8.548230171,-0.011166645,0.439255768,0.755009121,0.486714396,
315,977,5.353134155,-12.010543823,9.167044640,-0.025476834,0.471636615,0.736286643,0.484553210,
316,980,5.430014610,-11.973097801,8.336518288,-0.011599048,0.469843894,0.738559854,0.483364789,
317,984,7.521322250,-10.219471931,7.998567581,-0.015734385,0.529296363,0.739395990,0.415802067,
318,986,7.423761368,-10.530134201,7.081395626,-0.001420291,0.510125451,0.750972373,0.419297630,
319,988,7.070155144,-10.809743881,6.338945866,0.019186846,0.502959819,0.748212900,0.432250786,
320,993,6.683955193,-9.883632660,6.649823666,-0.019160375,0.512964060,0.732440923,0.447248305,
321,997,6.394953728,-9.918490410,5.678321362,-0.005890504,0.500690079,0.733974155,0.458864562,
322,999,6.566558361,-9.805207253,5.200108051,0.008066959,0.509927546,0.733020643,0.450099499,
323,1013,7.015598297,-8.051240921,3.420870781,-0.002059262,0.556635690,0.710161040,0.431072807,
324,1016,6.630184650,-7.995761871,3.446877480,-0.020132228,0.532235619,0.711661866,0.458101875,
325,1019,3.715449095,-9.356356621,3.626490116,-0.025130239,0.440779412,0.665705605,0.601596233,
326,1028,-9.209261894,-4.154873371,-0.780054331,-0.297925074,-0.004432545,0.095205344,0.949819428,
327,1032,-9.283269882,-3.900259972,-1.566898346,-0.365111432,-0.031308000,0.081546043,0.926856890,
328,1036,-8.957567215,-5.117740154,-0.834732473,-0.320753806,0.031136135,0.200100035,0.925260781,
329,1038,-8.479866028,-5.817872524,0.019952480,-0.321557285,0.068572710,0.262925446,0.907066098,
330,1041,-8.045881271,-6.411056519,-0.804472268,-0.236958377,0.074882358,0.326314823,0.912009866,
331,1044,-8.058146477,-6.282515049,0.029242072,-0.283086033,0.121838029,0.329574238,0.892411684,
332,1046,-7.504730225,-6.661189556,1.161717176,-0.317062419,0.177555506,0.367401774,0.856131649,
333,1047,-7.736168385,-6.435006618,0.811332524,-0.312250358,0.178406494,0.353669330,0.863474865,
334,1049,-7.593280792,-6.359460831,-1.033109426,-0.333963930,0.097084429,0.335858623,0.875352325,
335,1052,-6.858987331,-6.744256020,-0.486825794,-0.321773479,0.136077508,0.400877753,0.846901274,
336,1055,-7.343490601,-5.812618732,-1.842854381,-0.343155346,0.099069857,0.330316954,0.873682026,
337,1058,-7.229176521,-5.676033974,-2.146592379,-0.433659097,0.081657064,0.284811091,0.850972711,
338,1061,-7.531280041,-5.252051830,-2.594309092,-0.444411004,0.099875453,0.266175203,0.849514282,
339,1066,-7.697247982,-4.116836548,-4.182354927,-0.442377929,0.075085022,0.209934445,0.868672284,
340,1071,-3.723064899,-0.783888400,-9.386693001,-0.474988140,-0.136901633,-0.210094157,0.843507353,
341,1075,-0.937461019,0.398353249,-10.596403122,-0.431252713,-0.209083087,-0.351870582,0.804047544,
342,1077,0.041028470,0.170662999,-10.809503555,-0.434848775,-0.239464441,-0.391274036,0.774898673,
343,1084,-0.839383185,0.529885113,-11.674476624,-0.446141199,-0.237430418,-0.340501822,0.792870315,
344,1086,0.074943081,0.409387201,-11.995706558,-0.446965698,-0.264122490,-0.371723308,0.769599089,
345,1088,-0.244059920,0.593516648,-12.211078644,-0.446660021,-0.261084078,-0.355200239,0.778564525,
346,1091,-0.116608150,0.527652264,-12.488928795,-0.450702702,-0.273732364,-0.348806727,0.774771924,
347,1094,2.289033651,3.024780750,-12.130158424,-0.353287203,-0.289323564,-0.445659721,0.769978857,
348,1097,0.306968808,0.959350705,-13.224888802,-0.449837096,-0.284055339,-0.362558382,0.765186625,
349,1102,0.067585327,1.034341455,-14.021642685,-0.468125392,-0.277275111,-0.363420825,0.756242312,
350,1106,0.298175156,1.374216437,-14.918489456,-0.466337992,-0.302142106,-0.350262205,0.754026136,
351,1108,-0.287261337,2.335618496,-15.158056259,-0.449128596,-0.290792032,-0.336575563,0.774880887,
352,1112,-0.648277044,2.146497965,-15.663949966,-0.471649313,-0.284239564,-0.334211696,0.764890409,
353,1114,-1.468806148,2.637993336,-15.803369522,-0.455419503,-0.287609583,-0.294061427,0.789557902,
354,1116,-2.310562849,2.486911774,-16.239202499,-0.457929538,-0.292860761,-0.252303347,0.800547396,
355,1120,-4.260981083,2.257222652,-16.438211441,-0.474904152,-0.263430861,-0.200720765,0.815341280,
356,1124,9.766478539,0.343771636,-14.903066635,0.435517165,0.387201011,0.598930900,-0.549255817,
357,1125,11.278777122,-0.334068000,-13.866725922,0.416562645,0.405224476,0.635475284,-0.508369797,
358,1127,16.209777832,-3.572784901,-6.887158871,0.291888828,0.481883296,0.765606814,-0.310540830,
359,1131,16.738447189,-5.308365345,-3.810256481,0.246807885,0.505349424,0.799821352,-0.209746591,
360,1133,16.758857727,-5.328389168,-3.650032997,0.242256544,0.508138075,0.802210841,-0.198910107,
361,1136,16.783815384,-5.309983253,-3.447569847,0.247770666,0.538505870,0.782102141,-0.192190964,
362,1138,16.712158203,-4.732100487,-4.392476082,0.254677315,0.523616510,0.785117218,-0.211083324,
363,1139,16.685920715,-4.517039776,-4.702796459,0.260912463,0.530114975,0.776295180,-0.219701144,
364,1142,16.844161987,-2.112046242,-5.669394016,0.225951229,0.464386916,0.814089679,-0.265610295,
365,1145,16.435304642,-1.238000631,-7.109131336,0.245361723,0.442123887,0.811862605,-0.291895878,
366,1146,16.242570877,-1.209076524,-7.616096497,0.256931850,0.434945953,0.811052096,-0.294961930,
367,1148,16.138284683,-1.035225749,-7.995756149,0.265971746,0.449135031,0.799386990,-0.297518393,
368,1150,16.277656555,-1.736827135,-7.700554371,0.272614055,0.473083675,0.792625325,-0.271327308,
369,1152,16.382669449,-2.227441788,-7.549798965,0.275618766,0.469537505,0.802005051,-0.245676059,
370,1154,16.510385513,-5.578201771,-5.615897655,0.271317094,0.452772592,0.840735939,-0.120611339,
371,1155,16.415317535,-7.387889385,-3.306298733,0.242549794,0.465012975,0.850467617,-0.040464346,
372,1157,15.636148453,-9.441911697,-0.793421805,0.206291418,0.460197719,0.861665930,0.056513148,
373,1158,15.102095604,-10.257236481,0.411151350,0.177121304,0.442220233,0.873144687,0.103381162,
374,1160,14.353956223,-11.039594650,1.973947644,0.146057772,0.440988620,0.871978582,0.154432887,
375,1162,13.491474152,-11.598945618,3.517206430,0.105299611,0.429826617,0.873864152,0.201302048,
376,1164,12.188204765,-11.690991402,6.172957420,0.014644866,0.406310531,0.877330308,0.254929032,
377,1166,10.604410172,-11.725060463,8.291387558,-0.046137830,0.407138643,0.860111551,0.303838026,
378,1167,10.225053787,-11.398147583,8.974861145,-0.056952033,0.427141557,0.845403480,0.315593904,
379,1169,7.206134796,-12.740678787,9.609177589,-0.056664877,0.419300511,0.807548013,0.410904345,
380,1171,6.461344719,-12.743786812,9.642955780,-0.074966467,0.405065084,0.803351093,0.430034101,
381,1174,5.172467709,-12.161175728,10.335837364,-0.101223511,0.419214266,0.774093909,0.463456384,
382,1175,5.185297966,-12.351461411,9.699032784,-0.080964552,0.419743870,0.773449722,0.468012129,
383,1177,4.988854408,-11.969390869,9.895634651,-0.088889549,0.431112934,0.763516700,0.472527814,
384,1180,6.442491055,-11.608014107,8.704990387,-0.059404991,0.447505810,0.779491138,0.434284656,
385,1183,7.500783920,-10.403062820,8.617682457,-0.054090574,0.495554106,0.769206895,0.399776301,
386,1185,8.169907570,-10.000856400,7.904542446,-0.054709717,0.492256138,0.783168459,0.375949341,
387,1186,7.930854321,-10.052253723,7.917779922,-0.059047587,0.487897154,0.781660231,0.384027384,
388,1188,7.859286785,-10.144245148,7.250993729,-0.050718432,0.479950716,0.785795491,0.386782107,
389,1189,7.909775734,-10.168113708,6.969742775,-0.042855738,0.481770981,0.785854516,0.385347618,
390,1192,6.774830341,-10.156111717,7.490494251,-0.056204721,0.492668387,0.757474824,0.424677266,
