pose_id,tx,ty,tz,qx,qy,qz,qw,loop_ids
0,0.000000000,0.000000000,0.000000000,0.000000000,0.000000000,0.000000000,1.000000000,304
1,0.037459919,-0.025397068,0.012329835,0.000000000,0.000000000,0.000000000,1.000000000,305
2,0.064110112,-0.034790992,0.015063900,0.000000000,0.000000000,0.000000000,1.000000000,306
3,0.146529764,-0.051756040,0.009117800,0.000000000,0.000000000,0.000000000,1.000000000,307
4,0.246649004,-0.171645104,-0.104048917,0.000000000,0.000000000,0.000000000,1.000000000,308
5,0.413837945,-0.305254059,0.043281896,0.000000000,0.000000000,0.000000000,1.000000000,309
6,0.562223175,-0.399842938,0.148528766,0.000000000,0.000000000,0.000000000,1.000000000,310
7,0.676496816,-0.480821351,0.243079503,0.000000000,0.000000000,0.000000000,1.000000000,311
8,0.770642002,-0.574330439,0.345485705,0.000000000,0.000000000,0.000000000,1.000000000,312
9,0.939232296,-0.659085223,0.537088952,0.000000000,0.000000000,0.000000000,1.000000000,313
10,1.032394358,-0.720211122,0.647577942,0.000000000,0.000000000,0.000000000,1.000000000,314
11,1.147031703,-0.819948383,0.846135636,0.000000000,0.000000000,0.000000000,1.000000000,315
12,1.195670365,-0.880527519,0.890432455,0.000000000,0.000000000,0.000000000,1.000000000,316
13,1.238144224,-0.947863820,0.941771948,0.000000000,0.000000000,0.000000000,1.000000000,317
14,1.324361542,-1.087890049,1.064898063,0.000000000,0.000000000,0.000000000,1.000000000,318
15,1.403545573,-1.244048074,1.171818431,0.000000000,0.000000000,0.000000000,1.000000000,319
16,1.485263210,-1.364855478,1.263909142,0.000000000,0.000000000,0.000000000,1.000000000,320
17,1.560806165,-1.482107603,1.393521859,0.000000000,0.000000000,0.000000000,1.000000000,321
18,1.660180247,-1.649787949,1.490475646,0.000000000,0.000000000,0.000000000,1.000000000,322
19,1.721736765,-1.770604838,1.598900398,0.000000000,0.000000000,0.000000000,1.000000000,323
20,1.759160435,-1.879191169,1.698101033,0.000000000,0.000000000,0.000000000,1.000000000,324
21,1.824219741,-1.973482971,1.861301370,0.000000000,0.000000000,0.000000000,1.000000000,325
22,1.919635755,-2.085859061,2.018320129,0.000000000,0.000000000,0.000000000,1.000000000,326
23,1.968624372,-2.194908705,2.124501520,0.000000000,0.000000000,0.000000000,1.000000000,327
24,2.018379075,-2.263834563,2.239191804,0.000000000,0.000000000,0.000000000,1.000000000,328
25,2.067019969,-2.363341304,2.313965641,0.000000000,0.000000000,0.000000000,1.000000000,329
26,2.140910331,-2.434984932,2.449412751,0.000000000,0.000000000,0.000000000,1.000000000,330
27,2.214970619,-2.489315495,2.559647427,0.000000000,0.000000000,0.000000000,1.000000000,331
28,2.257353056,-2.602803408,2.604759846,0.000000000,0.000000000,0.000000000,1.000000000,332
29,2.277852282,-2.674699990,2.649912150,0.000000000,0.000000000,0.000000000,1.000000000,333
30,2.318967117,-2.795147722,2.734660033,0.000000000,0.000000000,0.000000000,1.000000000,334
31,2.371477752,-2.913117880,2.821590823,0.000000000,0.000000000,0.000000000,1.000000000,335
32,2.424260849,-2.997482278,2.918145782,0.000000000,0.000000000,0.000000000,1.000000000,336
33,2.485261847,-3.083202183,3.064098036,0.000000000,0.000000000,0.000000000,1.000000000,337
34,2.535175845,-3.176052143,3.149725301,0.000000000,0.000000000,0.000000000,1.000000000,338
35,2.580344054,-3.270198828,3.189409390,0.000000000,0.000000000,0.000000000,1.000000000,339
36,2.619675067,-3.352788813,3.226385799,0.000000000,0.000000000,0.000000000,1.000000000,340
37,2.676309668,-3.450361395,3.306836755,0.000000000,0.000000000,0.000000000,1.000000000,341
38,2.741593581,-3.550097173,3.412464551,0.000000000,0.000000000,0.000000000,1.000000000,342
39,2.853669609,-3.675899099,3.572757301,0.000000000,0.000000000,0.000000000,1.000000000,343
40,2.930743948,-3.788324426,3.671987179,0.000000000,0.000000000,0.000000000,1.000000000,344
41,3.020918568,-3.869809882,3.819048513,0.000000000,0.000000000,0.000000000,1.000000000,345
42,3.151214336,-4.018505229,3.932596354,0.000000000,0.000000000,0.000000000,1.000000000,346
43,3.248597310,-4.218997243,4.045633789,0.000000000,0.000000000,0.000000000,1.000000000,347
44,3.321966677,-4.351482832,4.177742600,0.000000000,0.000000000,0.000000000,1.000000000,348
45,3.368310575,-4.491874184,4.260138670,0.000000000,0.000000000,0.000000000,1.000000000,349
46,3.423518669,-4.657853268,4.321766580,0.000000000,0.000000000,0.000000000,1.000000000,350
47,3.504550732,-4.776073552,4.474975126,0.000000000,0.000000000,0.000000000,1.000000000,351
48,3.609172066,-4.816746881,4.714105397,0.000000000,0.000000000,0.000000000,1.000000000,352
49,3.714333628,-4.959665968,4.923854410,0.000000000,0.000000000,0.000000000,1.000000000,353
50,3.796514270,-5.043957305,4.978584964,0.000000000,0.000000000,0.000000000,1.000000000,354
51,3.877693277,-5.182226750,5.074164975,0.000000000,0.000000000,0.000000000,1.000000000,355
52,3.929852581,-5.342477675,5.161763698,0.000000000,0.000000000,0.000000000,1.000000000,356
53,3.883739783,-5.476525536,5.246556454,0.000000000,0.000000000,0.000000000,1.000000000,357
54,3.843127754,-5.594569251,5.307939744,0.000000000,0.000000000,0.000000000,1.000000000,358
55,3.888653893,-5.779935764,5.391807917,0.000000000,0.000000000,0.000000000,1.000000000,359
56,3.947009579,-5.948368194,5.454439424,0.000000000,0.000000000,0.000000000,1.000000000,360
57,3.985628772,-6.048243535,5.499033555,0.000000000,0.000000000,0.000000000,1.000000000,361
58,4.034476982,-6.161674820,5.574154154,0.000000000,0.000000000,0.000000000,1.000000000,362
59,4.135767174,-6.372098575,5.711471149,0.000000000,0.000000000,0.000000000,1.000000000,363
60,4.230565908,-6.513034687,5.811863669,0.000000000,0.000000000,0.000000000,1.000000000,364
61,4.263375672,-6.593344989,5.821503862,0.000000000,0.000000000,0.000000000,1.000000000,365
62,4.301854130,-6.725757984,5.813790875,0.000000000,0.000000000,0.000000000,1.000000000,366
63,4.353382265,-6.877588954,5.807665738,0.000000000,0.000000000,0.000000000,1.000000000,367
64,4.419822047,-7.017458685,5.810961708,0.000000000,0.000000000,0.000000000,1.000000000,368
65,4.499228646,-7.210337241,5.861033198,0.000000000,0.000000000,0.000000000,1.000000000,369
66,4.582965901,-7.311694602,5.945967700,0.000000000,0.000000000,0.000000000,1.000000000,370
67,4.646190521,-7.416536341,5.957007171,0.000000000,0.000000000,0.000000000,1.000000000,371
68,4.665670768,-7.515267376,5.930100068,0.000000000,0.000000000,0.000000000,1.000000000,372
69,4.700654892,-7.695302846,5.922922777,0.000000000,0.000000000,0.000000000,1.000000000,373
70,4.798648897,-7.909422672,5.995876544,0.000000000,0.000000000,0.000000000,1.000000000,374
71,4.900482595,-8.041407846,6.089178392,0.000000000,0.000000000,0.000000000,1.000000000,375
72,4.970345994,-8.166236512,6.157893516,0.000000000,0.000000000,0.000000000,1.000000000,376
73,4.991556258,-8.331850972,6.188699444,0.000000000,0.000000000,0.000000000,1.000000000,377
74,5.060678446,-8.475340651,6.251720294,0.000000000,0.000000000,0.000000000,1.000000000,378
75,5.116379852,-8.656139974,6.308437145,0.000000000,0.000000000,0.000000000,1.000000000,379
76,5.156300052,-8.845969029,6.358362490,0.000000000,0.000000000,0.000000000,1.000000000,380
77,5.202043438,-8.987024829,6.427272463,0.000000000,0.000000000,0.000000000,1.000000000,381
78,5.232297954,-9.080973442,6.473505214,0.000000000,0.000000000,0.000000000,1.000000000,382
79,5.257601124,-9.231392040,6.512561848,0.000000000,0.000000000,0.000000000,1.000000000,383
80,5.264368301,-9.332877682,6.525964349,0.000000000,0.000000000,0.000000000,1.000000000,384
81,5.275753101,-9.444191139,6.573722555,0.000000000,0.000000000,0.000000000,1.000000000,385
82,5.314961541,-9.587155531,6.631784001,0.000000000,0.000000000,0.000000000,1.000000000,386
83,5.341495478,-9.698613810,6.658206521,0.000000000,0.000000000,0.000000000,1.000000000,387
84,5.384881590,-9.800116157,6.681052952,0.000000000,0.000000000,0.000000000,1.000000000,388
85,5.456783365,-9.899205329,6.688711693,0.000000000,0.000000000,0.000000000,1.000000000,389
86,5.527066589,-9.982427233,6.676487724,0.000000000,0.000000000,0.000000000,1.000000000,390
87,5.589937996,-10.030195442,6.657165091,0.000000000,0.000000000,0.000000000,1.000000000,391
88,5.728293844,-10.093134062,6.619691235,0.000000000,0.000000000,0.000000000,1.000000000,392
89,5.900186632,-10.157653379,6.572197971,0.000000000,0.000000000,0.000000000,1.000000000,
90,6.004713447,-10.184823697,6.566194239,0.000000000,0.000000000,0.000000000,1.000000000,
91,6.159895942,-10.200397540,6.533290639,0.000000000,0.000000000,0.000000000,1.000000000,
92,6.297088925,-10.212546711,6.467605120,0.000000000,0.000000000,0.000000000,1.000000000,
93,6.408392207,-10.205029352,6.427143821,0.000000000,0.000000000,0.000000000,1.000000000,
94,6.599165699,-10.188942647,6.464394629,0.000000000,0.000000000,0.000000000,1.000000000,
95,6.812567537,-10.154776183,6.463230948,0.000000000,0.000000000,0.000000000,1.000000000,
96,6.950202394,-10.126264298,6.456328529,0.000000000,0.000000000,0.000000000,1.000000000,
97,7.075943229,-10.093961770,6.437218840,0.000000000,0.000000000,0.000000000,1.000000000,
98,7.223022711,-10.062974023,6.385764701,0.000000000,0.000000000,0.000000000,1.000000000,
99,7.371235072,-10.032409720,6.360122754,0.000000000,0.000000000,0.000000000,1.000000000,
100,7.482132632,-10.021558588,6.312800967,0.000000000,0.000000000,0.000000000,1.000000000,
101,7.642902726,-9.984095412,6.264286608,0.000000000,0.000000000,0.000000000,1.000000000,
102,7.832237427,-9.962846947,6.210773111,0.000000000,0.000000000,0.000000000,1.000000000,
103,7.948750324,-9.940177504,6.177626489,0.000000000,0.000000000,0.000000000,1.000000000,
104,8.124298224,-9.906313088,6.105252385,0.000000000,0.000000000,0.000000000,1.000000000,
105,8.273334390,-9.883630962,6.038212340,0.000000000,0.000000000,0.000000000,1.000000000,
106,8.440427250,-9.837418219,6.028609870,0.000000000,0.000000000,0.000000000,1.000000000,
107,8.611420314,-9.841390274,5.953522470,0.000000000,0.000000000,0.000000000,1.000000000,
108,8.733320686,-9.846974577,5.889586922,0.000000000,0.000000000,0.000000000,1.000000000,
109,8.928467228,-9.837433514,5.833637245,0.000000000,0.000000000,0.000000000,1.000000000,
110,9.034019587,-9.827430438,5.779612992,0.000000000,0.000000000,0.000000000,1.000000000,
111,9.236134406,-9.817281845,5.663229638,0.000000000,0.000000000,0.000000000,1.000000000,
112,9.378302480,-9.819127394,5.598934725,0.000000000,0.000000000,0.000000000,1.000000000,
113,9.554000134,-9.823858453,5.527132932,0.000000000,0.000000000,0.000000000,1.000000000,
114,9.708297022,-9.796199717,5.451695715,0.000000000,0.000000000,0.000000000,1.000000000,
115,9.880987970,-9.787104845,5.366721775,0.000000000,0.000000000,0.000000000,1.000000000,
116,10.053000906,-9.801373838,5.278308418,0.000000000,0.000000000,0.000000000,1.000000000,
117,10.188140870,-9.795443774,5.190794798,0.000000000,0.000000000,0.000000000,1.000000000,
118,10.335355653,-9.778928987,5.158864234,0.000000000,0.000000000,0.000000000,1.000000000,
119,10.554170068,-9.736964160,5.143412375,0.000000000,0.000000000,0.000000000,1.000000000,
120,10.781010321,-9.701587677,5.128026641,0.000000000,0.000000000,0.000000000,1.000000000,
121,10.993154383,-9.674275858,5.093964480,0.000000000,0.000000000,0.000000000,1.000000000,
122,11.153063949,-9.659221620,5.062711078,0.000000000,0.000000000,0.000000000,1.000000000,
123,11.312532395,-9.637752537,5.035495223,0.000000000,0.000000000,0.000000000,1.000000000,
124,11.463099035,-9.608549116,5.001338838,0.000000000,0.000000000,0.000000000,1.000000000,
125,11.662093763,-9.566451043,4.982968382,0.000000000,0.000000000,0.000000000,1.000000000,
126,11.880819387,-9.553713303,4.957301539,0.000000000,0.000000000,0.000000000,1.000000000,
127,12.045889307,-9.512530451,4.954634686,0.000000000,0.000000000,0.000000000,1.000000000,
128,12.227346024,-9.498539095,4.862218661,0.000000000,0.000000000,0.000000000,1.000000000,
129,12.470552314,-9.431786814,4.847812005,0.000000000,0.000000000,0.000000000,1.000000000,
130,12.781744084,-9.369248088,4.796551413,0.000000000,0.000000000,0.000000000,1.000000000,
131,12.990930100,-9.360171429,4.723353423,0.000000000,0.000000000,0.000000000,1.000000000,
132,13.253235732,-9.328795015,4.687622480,0.000000000,0.000000000,0.000000000,1.000000000,
133,13.472842199,-9.347017034,4.625383710,0.000000000,0.000000000,0.000000000,1.000000000,
134,13.654005611,-9.344837870,4.559647022,0.000000000,0.000000000,0.000000000,1.000000000,
135,13.838755834,-9.353396683,4.484722575,0.000000000,0.000000000,0.000000000,1.000000000,
136,14.071745433,-9.363303579,4.390974253,0.000000000,0.000000000,0.000000000,1.000000000,
137,14.262852410,-9.359224484,4.352009672,0.000000000,0.000000000,0.000000000,1.000000000,
138,14.442936642,-9.356346948,4.304975954,0.000000000,0.000000000,0.000000000,1.000000000,
139,14.623601644,-9.362327945,4.225525661,0.000000000,0.000000000,0.000000000,1.000000000,
140,14.917108294,-9.361107464,4.172681775,0.000000000,0.000000000,0.000000000,1.000000000,
141,15.063108664,-9.369644787,4.227779827,0.000000000,0.000000000,0.000000000,1.000000000,
142,15.271681333,-9.360197739,4.143113429,0.000000000,0.000000000,0.000000000,1.000000000,
143,15.542485871,-9.396289448,4.026200917,0.000000000,0.000000000,0.000000000,1.000000000,
144,15.773976929,-9.428963884,3.920032448,0.000000000,0.000000000,0.000000000,1.000000000,
145,16.026631838,-9.472475267,3.801887366,0.000000000,0.000000000,0.000000000,1.000000000,
146,16.349545074,-9.474084302,3.806037584,0.000000000,0.000000000,0.000000000,1.000000000,
147,16.586387797,-9.507134240,3.778514771,0.000000000,0.000000000,0.000000000,1.000000000,
148,16.862741638,-9.572394414,3.716047132,0.000000000,0.000000000,0.000000000,1.000000000,
149,17.032263407,-9.596045516,3.676657798,0.000000000,0.000000000,0.000000000,1.000000000,
150,17.225602419,-9.633630449,3.627540367,0.000000000,0.000000000,0.000000000,1.000000000,
151,17.452036532,-9.670517562,3.559971920,0.000000000,0.000000000,0.000000000,1.000000000,
152,17.590812101,-9.670639543,3.517504670,0.000000000,0.000000000,0.000000000,1.000000000,
153,17.758843406,-9.655841744,3.456617750,0.000000000,0.000000000,0.000000000,1.000000000,
154,17.905927031,-9.618389936,3.388580596,0.000000000,0.000000000,0.000000000,1.000000000,
155,17.992913337,-9.566121166,3.336872129,0.000000000,0.000000000,0.000000000,1.000000000,
156,18.070910372,-9.492552654,3.277643657,0.000000000,0.000000000,0.000000000,1.000000000,
157,18.145705520,-9.395342993,3.213154511,0.000000000,0.000000000,0.000000000,1.000000000,
158,18.193075709,-9.317808972,3.165396396,0.000000000,0.000000000,0.000000000,1.000000000,
159,18.223513013,-9.203906109,3.097752112,0.000000000,0.000000000,0.000000000,1.000000000,
160,18.231772182,-9.108313373,3.043027475,0.000000000,0.000000000,0.000000000,1.000000000,
161,18.232763857,-8.971691548,2.959411721,0.000000000,0.000000000,0.000000000,1.000000000,
162,18.223670824,-8.864256007,2.880107735,0.000000000,0.000000000,0.000000000,1.000000000,
163,18.200843366,-8.696013552,2.757658895,0.000000000,0.000000000,0.000000000,1.000000000,
164,18.176166022,-8.536191627,2.637667830,0.000000000,0.000000000,0.000000000,1.000000000,
165,18.154655402,-8.416155711,2.534961022,0.000000000,0.000000000,0.000000000,1.000000000,
166,18.130140639,-8.321468879,2.465120926,0.000000000,0.000000000,0.000000000,1.000000000,
167,18.080218286,-8.182942163,2.380546876,0.000000000,0.000000000,0.000000000,1.000000000,
168,18.023920226,-7.984167700,2.278925415,0.000000000,0.000000000,0.000000000,1.000000000,
169,17.993407554,-7.816095240,2.186674969,0.000000000,0.000000000,0.000000000,1.000000000,
170,17.947646567,-7.654751768,2.079082134,0.000000000,0.000000000,0.000000000,1.000000000,
171,17.894708612,-7.495526560,1.948279968,0.000000000,0.000000000,0.000000000,1.000000000,
172,17.832227384,-7.330754251,1.831382393,0.000000000,0.000000000,0.000000000,1.000000000,
173,17.776413349,-7.114339199,1.702974742,0.000000000,0.000000000,0.000000000,1.000000000,
174,17.730665093,-6.926095536,1.620059989,0.000000000,0.000000000,0.000000000,1.000000000,
175,17.685835489,-6.756037208,1.532271815,0.000000000,0.000000000,0.000000000,1.000000000,
176,17.649501361,-6.557586649,1.426898320,0.000000000,0.000000000,0.000000000,1.000000000,
177,17.611218258,-6.428734916,1.332317901,0.000000000,0.000000000,0.000000000,1.000000000,
178,17.573133007,-6.287955225,1.255461589,0.000000000,0.000000000,0.000000000,1.000000000,
179,17.553101620,-6.157052096,1.193486678,0.000000000,0.000000000,0.000000000,1.000000000,
180,17.506586715,-5.974119878,1.109644177,0.000000000,0.000000000,0.000000000,1.000000000,
181,17.473653407,-5.864533277,1.047553697,0.000000000,0.000000000,0.000000000,1.000000000,
182,17.441528440,-5.722870953,0.966861650,0.000000000,0.000000000,0.000000000,1.000000000,
183,17.407488729,-5.574898066,0.860785519,0.000000000,0.000000000,0.000000000,1.000000000,
184,17.382592916,-5.440919393,0.747871295,0.000000000,0.000000000,0.000000000,1.000000000,
185,17.336934785,-5.306077294,0.652493186,0.000000000,0.000000000,0.000000000,1.000000000,
186,17.294314768,-5.216479308,0.592058048,0.000000000,0.000000000,0.000000000,1.000000000,
187,17.260791829,-5.079421983,0.507349698,0.000000000,0.000000000,0.000000000,1.000000000,
188,17.240039764,-4.949595417,0.417029476,0.000000000,0.000000000,0.000000000,1.000000000,
189,17.217758739,-4.854298586,0.346241365,0.000000000,0.000000000,0.000000000,1.000000000,
190,17.183999147,-4.731987782,0.247045704,0.000000000,0.000000000,0.000000000,1.000000000,
191,17.159106756,-4.642820063,0.165782031,0.000000000,0.000000000,0.000000000,1.000000000,
192,17.126971579,-4.529493064,0.071426413,0.000000000,0.000000000,0.000000000,1.000000000,
193,17.076147801,-4.369162882,-0.060751599,0.000000000,0.000000000,0.000000000,1.000000000,
194,17.034277533,-4.202616894,-0.160615889,0.000000000,0.000000000,0.000000000,1.000000000,
195,16.980874965,-4.019207014,-0.280332922,0.000000000,0.000000000,0.000000000,1.000000000,
196,16.918595599,-3.873259722,-0.414045902,0.000000000,0.000000000,0.000000000,1.000000000,
197,16.884170203,-3.753030985,-0.527389266,0.000000000,0.000000000,0.000000000,1.000000000,
198,16.857780638,-3.622984951,-0.634757091,0.000000000,0.000000000,0.000000000,1.000000000,
199,16.819809796,-3.486799632,-0.732474407,0.000000000,0.000000000,0.000000000,1.000000000,
200,16.786128017,-3.369577905,-0.817578348,0.000000000,0.000000000,0.000000000,1.000000000,
201,16.746189563,-3.236457843,-0.931717740,0.000000000,0.000000000,0.000000000,1.000000000,
202,16.703797339,-3.112979933,-1.047532759,0.000000000,0.000000000,0.000000000,1.000000000,
203,16.669161756,-2.970300047,-1.199296325,0.000000000,0.000000000,0.000000000,1.000000000,
204,16.625858518,-2.794395282,-1.342294988,0.000000000,0.000000000,0.000000000,1.000000000,
205,16.584973807,-2.614897531,-1.458668478,0.000000000,0.000000000,0.000000000,1.000000000,
206,16.534607450,-2.463015426,-1.571649175,0.000000000,0.000000000,0.000000000,1.000000000,
207,16.478796733,-2.304098552,-1.751155819,0.000000000,0.000000000,0.000000000,1.000000000,
208,16.444822895,-2.159910666,-1.879723658,0.000000000,0.000000000,0.000000000,1.000000000,
209,16.414098076,-2.016115842,-1.985581543,0.000000000,0.000000000,0.000000000,1.000000000,
210,16.373313290,-1.828592828,-2.116081430,0.000000000,0.000000000,0.000000000,1.000000000,
211,16.360396072,-1.726432574,-2.189594027,0.000000000,0.000000000,0.000000000,1.000000000,
212,16.335897510,-1.582735542,-2.309700460,0.000000000,0.000000000,0.000000000,1.000000000,
213,16.323444082,-1.509612794,-2.396005140,0.000000000,0.000000000,0.000000000,1.000000000,
214,16.285594905,-1.367772656,-2.544166570,0.000000000,0.000000000,0.000000000,1.000000000,
215,16.242518931,-1.259739497,-2.644284552,0.000000000,0.000000000,0.000000000,1.000000000,
216,16.208536959,-1.185134072,-2.713621812,0.000000000,0.000000000,0.000000000,1.000000000,
217,16.171958604,-1.108400801,-2.777324945,0.000000000,0.000000000,0.000000000,1.000000000,
218,16.117064151,-1.010438042,-2.840211811,0.000000000,0.000000000,0.000000000,1.000000000,
219,16.047712250,-0.924646328,-2.880546744,0.000000000,0.000000000,0.000000000,1.000000000,
220,15.908653468,-0.827693281,-2.915701011,0.000000000,0.000000000,0.000000000,1.000000000,
221,15.791968793,-0.764474934,-2.935778346,0.000000000,0.000000000,0.000000000,1.000000000,
222,15.689126310,-0.702583955,-2.945923127,0.000000000,0.000000000,0.000000000,1.000000000,
223,15.546608454,-0.627867938,-2.960438064,0.000000000,0.000000000,0.000000000,1.000000000,
224,15.436658290,-0.581456014,-2.966947765,0.000000000,0.000000000,0.000000000,1.000000000,
225,15.288828546,-0.544454967,-2.963137968,0.000000000,0.000000000,0.000000000,1.000000000,
226,15.154217051,-0.536869751,-2.944270471,0.000000000,0.000000000,0.000000000,1.000000000,
227,15.022488403,-0.552120357,-2.899191843,0.000000000,0.000000000,0.000000000,1.000000000,
228,14.795431062,-0.537151442,-2.812607191,0.000000000,0.000000000,0.000000000,1.000000000,
229,14.560221602,-0.509367902,-2.690452463,0.000000000,0.000000000,0.000000000,1.000000000,
230,14.335532114,-0.474838500,-2.600293938,0.000000000,0.000000000,0.000000000,1.000000000,
231,14.098334396,-0.455364810,-2.510151866,0.000000000,0.000000000,0.000000000,1.000000000,
232,13.915320560,-0.434981899,-2.452968904,0.000000000,0.000000000,0.000000000,1.000000000,
233,13.718809358,-0.427627845,-2.368953782,0.000000000,0.000000000,0.000000000,1.000000000,
234,13.539770743,-0.393490902,-2.279001811,0.000000000,0.000000000,0.000000000,1.000000000,
235,13.357547694,-0.372293228,-2.173883588,0.000000000,0.000000000,0.000000000,1.000000000,
236,13.132716081,-0.353925949,-2.053149571,0.000000000,0.000000000,0.000000000,1.000000000,
237,12.965951083,-0.344700034,-2.013268882,0.000000000,0.000000000,0.000000000,1.000000000,
238,12.795205083,-0.312760480,-1.974749531,0.000000000,0.000000000,0.000000000,1.000000000,
239,12.620149203,-0.291470124,-1.921514922,0.000000000,0.000000000,0.000000000,1.000000000,
240,12.454814170,-0.250661834,-1.854193046,0.000000000,0.000000000,0.000000000,1.000000000,
241,12.332363973,-0.227397293,-1.803260325,0.000000000,0.000000000,0.000000000,1.000000000,
242,12.184728577,-0.205106151,-1.769365413,0.000000000,0.000000000,0.000000000,1.000000000,
243,11.982066068,-0.204190562,-1.721599613,0.000000000,0.000000000,0.000000000,1.000000000,
244,11.765917450,-0.206214492,-1.715146915,0.000000000,0.000000000,0.000000000,1.000000000,
245,11.592499596,-0.203330340,-1.669817311,0.000000000,0.000000000,0.000000000,1.000000000,
246,11.424029485,-0.169086124,-1.610804185,0.000000000,0.000000000,0.000000000,1.000000000,
247,11.264867164,-0.135662196,-1.543260953,0.000000000,0.000000000,0.000000000,1.000000000,
248,11.098633740,-0.106955742,-1.491422897,0.000000000,0.000000000,0.000000000,1.000000000,
249,10.896930630,-0.088909897,-1.452108469,0.000000000,0.000000000,0.000000000,1.000000000,
250,10.684710517,-0.047061960,-1.443151385,0.000000000,0.000000000,0.000000000,1.000000000,
251,10.565204134,-0.030356730,-1.410315622,0.000000000,0.000000000,0.000000000,1.000000000,
252,10.386805276,0.010432857,-1.367213696,0.000000000,0.000000000,0.000000000,1.000000000,
253,10.220086119,0.020961230,-1.337683182,0.000000000,0.000000000,0.000000000,1.000000000,
254,10.118295372,0.010785565,-1.360173810,0.000000000,0.000000000,0.000000000,1.000000000,
255,9.986127752,-0.001170805,-1.410907086,0.000000000,0.000000000,0.000000000,1.000000000,
256,9.878152243,-0.018856863,-1.422789887,0.000000000,0.000000000,0.000000000,1.000000000,
257,9.699558493,-0.038966039,-1.426829933,0.000000000,0.000000000,0.000000000,1.000000000,
258,9.538601226,-0.043871164,-1.427684996,0.000000000,0.000000000,0.000000000,1.000000000,
259,9.368027905,-0.016792676,-1.386813848,0.000000000,0.000000000,0.000000000,1.000000000,
260,9.202279252,0.032130726,-1.249252495,0.000000000,0.000000000,0.000000000,1.000000000,
261,9.076081654,0.077575907,-1.142470667,0.000000000,0.000000000,0.000000000,1.000000000,
262,8.960906365,0.127217276,-1.077601640,0.000000000,0.000000000,0.000000000,1.000000000,
263,8.802116451,0.161900522,-1.021190617,0.000000000,0.000000000,0.000000000,1.000000000,
264,8.646456416,0.174078637,-0.997154782,0.000000000,0.000000000,0.000000000,1.000000000,
265,8.466077394,0.186837385,-0.980728854,0.000000000,0.000000000,0.000000000,1.000000000,
266,8.272930148,0.183638256,-0.965083899,0.000000000,0.000000000,0.000000000,1.000000000,
267,8.068342494,0.220828369,-0.900607482,0.000000000,0.000000000,0.000000000,1.000000000,
268,7.883495794,0.260816489,-0.845542365,0.000000000,0.000000000,0.000000000,1.000000000,
269,7.661784137,0.292936984,-0.771350577,0.000000000,0.000000000,0.000000000,1.000000000,
270,7.446594906,0.332134475,-0.708652149,0.000000000,0.000000000,0.000000000,1.000000000,
271,7.205737331,0.355869253,-0.632467362,0.000000000,0.000000000,0.000000000,1.000000000,
272,7.018733662,0.408798028,-0.576481087,0.000000000,0.000000000,0.000000000,1.000000000,
273,6.820827816,0.449796382,-0.510904922,0.000000000,0.000000000,0.000000000,1.000000000,
274,6.684775363,0.482102087,-0.453984568,0.000000000,0.000000000,0.000000000,1.000000000,
275,6.532605800,0.529351551,-0.385763020,0.000000000,0.000000000,0.000000000,1.000000000,
276,6.365836967,0.552447575,-0.316972033,0.000000000,0.000000000,0.000000000,1.000000000,
277,6.185921075,0.579258933,-0.285533627,0.000000000,0.000000000,0.000000000,1.000000000,
278,5.952956432,0.595799811,-0.253117751,0.000000000,0.000000000,0.000000000,1.000000000,
279,5.821323778,0.615298997,-0.231518307,0.000000000,0.000000000,0.000000000,1.000000000,
280,5.664732007,0.649466258,-0.193810189,0.000000000,0.000000000,0.000000000,1.000000000,
281,5.501560339,0.674888122,-0.133239859,0.000000000,0.000000000,0.000000000,1.000000000,
282,5.354030358,0.708714298,-0.078615456,0.000000000,0.000000000,0.000000000,1.000000000,
283,5.198868580,0.745369247,-0.019453576,0.000000000,0.000000000,0.000000000,1.000000000,
284,5.064019241,0.768908187,0.025550042,0.000000000,0.000000000,0.000000000,1.000000000,
285,4.929820268,0.790604102,0.049317143,0.000000000,0.000000000,0.000000000,1.000000000,
286,4.806935136,0.804228711,0.057344923,0.000000000,0.000000000,0.000000000,1.000000000,
287,4.569526686,0.803966483,0.073776244,0.000000000,0.000000000,0.000000000,1.000000000,
288,4.349960612,0.814471575,0.074700627,0.000000000,0.000000000,0.000000000,1.000000000,
289,4.134348668,0.838468668,0.114428280,0.000000000,0.000000000,0.000000000,1.000000000,
290,3.874803107,0.893434561,0.179981527,0.000000000,0.000000000,0.000000000,1.000000000,
291,3.674969814,0.931290869,0.232167294,0.000000000,0.000000000,0.000000000,1.000000000,
292,3.537276328,0.951089681,0.255420622,0.000000000,0.000000000,0.000000000,1.000000000,
293,3.396229389,0.966848824,0.271574770,0.000000000,0.000000000,0.000000000,1.000000000,
294,3.286602540,0.987787697,0.270726936,0.000000000,0.000000000,0.000000000,1.000000000,
295,3.177883120,1.017422843,0.263637949,0.000000000,0.000000000,0.000000000,1.000000000,
296,3.068917745,1.054149969,0.259237961,0.000000000,0.000000000,0.000000000,1.000000000,
297,2.923157256,1.104159213,0.263126795,0.000000000,0.000000000,0.000000000,1.000000000,
298,2.663785665,1.171771238,0.311522975,0.000000000,0.000000000,0.000000000,1.000000000,
299,2.511698665,1.180864017,0.351064810,0.000000000,0.000000000,0.000000000,1.000000000,
300,2.400099866,1.165109412,0.392713861,0.000000000,0.000000000,0.000000000,1.000000000,
301,2.298866829,1.144751653,0.440548045,0.000000000,0.000000000,0.000000000,1.000000000,
302,2.160660115,1.111066621,0.496259806,0.000000000,0.000000000,0.000000000,1.000000000,
303,2.067267208,1.067557299,0.546617728,0.000000000,0.000000000,0.000000000,1.000000000,
304,1.969268879,0.984616768,0.624611573,0.000000000,0.000000000,0.000000000,1.000000000,0
305,1.931873086,0.917197944,0.684657965,0.000000000,0.000000000,0.000000000,1.000000000,1
306,1.935300271,0.815270000,0.799822218,0.000000000,0.000000000,0.000000000,1.000000000,2
307,1.993795010,0.681281610,0.963935980,0.000000000,0.000000000,0.000000000,1.000000000,3
308,2.102211156,0.557911213,1.086469187,0.000000000,0.000000000,0.000000000,1.000000000,4
309,2.132041144,0.416397557,1.232286534,0.000000000,0.000000000,0.000000000,1.000000000,5
310,2.150308099,0.333671537,1.328197547,0.000000000,0.000000000,0.000000000,1.000000000,6
311,2.203480647,0.191686007,1.487746567,0.000000000,0.000000000,0.000000000,1.000000000,7
312,2.316343560,-0.021155863,1.653479792,0.000000000,0.000000000,0.000000000,1.000000000,8
313,2.376108407,-0.180835558,1.763663200,0.000000000,0.000000000,0.000000000,1.000000000,9
314,2.461098769,-0.314062952,1.958637913,0.000000000,0.000000000,0.000000000,1.000000000,10
315,2.508949421,-0.441631106,2.110165885,0.000000000,0.000000000,0.000000000,1.000000000,11
316,2.549185667,-0.520250408,2.170052399,0.000000000,0.000000000,0.000000000,1.000000000,12
317,2.633198548,-0.683031093,2.317356881,0.000000000,0.000000000,0.000000000,1.000000000,13
318,2.698864925,-0.838668446,2.421473131,0.000000000,0.000000000,0.000000000,1.000000000,14
319,2.728552894,-0.954395040,2.449721070,0.000000000,0.000000000,0.000000000,1.000000000,15
320,2.782883735,-1.104181380,2.490877646,0.000000000,0.000000000,0.000000000,1.000000000,16
321,2.882905762,-1.244008739,2.568545044,0.000000000,0.000000000,0.000000000,1.000000000,17
322,2.928258301,-1.440844974,2.651310668,0.000000000,0.000000000,0.000000000,1.000000000,18
323,3.066245710,-1.597443111,2.715524448,0.000000000,0.000000000,0.000000000,1.000000000,19
324,3.177910522,-1.736394002,2.850386757,0.000000000,0.000000000,0.000000000,1.000000000,20
325,3.235424862,-1.861199194,2.916845106,0.000000000,0.000000000,0.000000000,1.000000000,21
326,3.340224769,-1.953775410,3.134186766,0.000000000,0.000000000,0.000000000,1.000000000,22
327,3.455898538,-2.033701733,3.255858954,0.000000000,0.000000000,0.000000000,1.000000000,23
328,3.487718350,-2.166741134,3.375322856,0.000000000,0.000000000,0.000000000,1.000000000,24
329,3.563853310,-2.288672377,3.501543266,0.000000000,0.000000000,0.000000000,1.000000000,25
330,3.628393488,-2.470789114,3.569087183,0.000000000,0.000000000,0.000000000,1.000000000,26
331,3.681281453,-2.501731944,3.702702294,0.000000000,0.000000000,0.000000000,1.000000000,27
332,3.694739536,-2.589243164,3.822400051,0.000000000,0.000000000,0.000000000,1.000000000,28
333,3.752083315,-2.806482171,3.994638066,0.000000000,0.000000000,0.000000000,1.000000000,29
334,3.787676854,-2.927527098,4.054942122,0.000000000,0.000000000,0.000000000,1.000000000,30
335,3.853510365,-3.079015923,4.157356183,0.000000000,0.000000000,0.000000000,1.000000000,31
336,3.909893616,-3.268409104,4.260272003,0.000000000,0.000000000,0.000000000,1.000000000,32
337,3.983695218,-3.406144915,4.437634314,0.000000000,0.000000000,0.000000000,1.000000000,33
338,4.026483492,-3.594146777,4.601418974,0.000000000,0.000000000,0.000000000,1.000000000,34
339,4.089597185,-3.775188819,4.716288252,0.000000000,0.000000000,0.000000000,1.000000000,35
340,4.138442459,-3.971206693,4.816151901,0.000000000,0.000000000,0.000000000,1.000000000,36
341,4.215755170,-4.143864377,5.001123250,0.000000000,0.000000000,0.000000000,1.000000000,37
342,4.245193025,-4.264799909,5.098215569,0.000000000,0.000000000,0.000000000,1.000000000,38
343,4.300112909,-4.514874854,5.249817538,0.000000000,0.000000000,0.000000000,1.000000000,39
344,4.328405351,-4.706703565,5.336082050,0.000000000,0.000000000,0.000000000,1.000000000,40
345,4.391840529,-4.913744593,5.440618616,0.000000000,0.000000000,0.000000000,1.000000000,41
346,4.422824887,-5.149030940,5.545409338,0.000000000,0.000000000,0.000000000,1.000000000,42
347,4.487986252,-5.410118552,5.663602342,0.000000000,0.000000000,0.000000000,1.000000000,43
348,4.538555507,-5.581493124,5.771650760,0.000000000,0.000000000,0.000000000,1.000000000,44
349,4.538442395,-5.718108429,5.797250592,0.000000000,0.000000000,0.000000000,1.000000000,45
350,4.561790149,-5.912221256,5.854864162,0.000000000,0.000000000,0.000000000,1.000000000,46
351,4.589106283,-6.092195774,5.923590764,0.000000000,0.000000000,0.000000000,1.000000000,47
352,4.593282101,-6.241569835,5.988296822,0.000000000,0.000000000,0.000000000,1.000000000,48
353,4.621397609,-6.453535647,6.101747890,0.000000000,0.000000000,0.000000000,1.000000000,49
354,4.654658323,-6.683479577,6.196637117,0.000000000,0.000000000,0.000000000,1.000000000,50
355,4.665624934,-6.876872220,6.222030251,0.000000000,0.000000000,0.000000000,1.000000000,51
356,4.676238019,-7.051610775,6.262685027,0.000000000,0.000000000,0.000000000,1.000000000,52
357,4.730023376,-7.325994875,6.335127742,0.000000000,0.000000000,0.000000000,1.000000000,53
358,4.734703999,-7.489774716,6.442833858,0.000000000,0.000000000,0.000000000,1.000000000,54
359,4.734562828,-7.673533999,6.525047744,0.000000000,0.000000000,0.000000000,1.000000000,55
360,4.747584014,-7.823855407,6.582542437,0.000000000,0.000000000,0.000000000,1.000000000,56
361,4.753150930,-7.931122304,6.619641540,0.000000000,0.000000000,0.000000000,1.000000000,57
362,4.756154044,-8.073967975,6.662076257,0.000000000,0.000000000,0.000000000,1.000000000,58
363,4.769509073,-8.208510733,6.702373939,0.000000000,0.000000000,0.000000000,1.000000000,59
364,4.790996715,-8.333707722,6.741281087,0.000000000,0.000000000,0.000000000,1.000000000,60
365,4.773258990,-8.547832142,6.809273249,0.000000000,0.000000000,0.000000000,1.000000000,61
366,4.780086818,-8.666126052,6.855663021,0.000000000,0.000000000,0.000000000,1.000000000,62
367,4.849260849,-8.833254921,6.912842215,0.000000000,0.000000000,0.000000000,1.000000000,63
368,4.909454295,-8.920248677,6.934578610,0.000000000,0.000000000,0.000000000,1.000000000,64
369,4.972687340,-8.992919091,6.947482928,0.000000000,0.000000000,0.000000000,1.000000000,65
370,5.066164405,-9.074481805,6.963840273,0.000000000,0.000000000,0.000000000,1.000000000,66
371,5.175126334,-9.133942109,6.973862819,0.000000000,0.000000000,0.000000000,1.000000000,67
372,5.329602209,-9.193790768,6.960737690,0.000000000,0.000000000,0.000000000,1.000000000,68
373,5.413727386,-9.220816455,6.954318120,0.000000000,0.000000000,0.000000000,1.000000000,69
374,5.570059825,-9.227807474,6.939085645,0.000000000,0.000000000,0.000000000,1.000000000,70
375,5.678152599,-9.222680176,6.935523098,0.000000000,0.000000000,0.000000000,1.000000000,71
376,5.819009490,-9.212873500,6.902788339,0.000000000,0.000000000,0.000000000,1.000000000,72
377,5.948534357,-9.204545739,6.854393924,0.000000000,0.000000000,0.000000000,1.000000000,73
378,6.119705570,-9.192473941,6.801233528,0.000000000,0.000000000,0.000000000,1.000000000,74
379,6.288582888,-9.179936338,6.745233124,0.000000000,0.000000000,0.000000000,1.000000000,75
380,6.456733270,-9.175404016,6.659735577,0.000000000,0.000000000,0.000000000,1.000000000,76
381,6.568035580,-9.171720371,6.616859952,0.000000000,0.000000000,0.000000000,1.000000000,77
382,6.779225729,-9.168546059,6.525701489,0.000000000,0.000000000,0.000000000,1.000000000,78
383,6.933313364,-9.168047872,6.470883367,0.000000000,0.000000000,0.000000000,1.000000000,79
384,7.053675927,-9.156649220,6.432128944,0.000000000,0.000000000,0.000000000,1.000000000,80
385,7.219347254,-9.160113369,6.362782885,0.000000000,0.000000000,0.000000000,1.000000000,81
386,7.332541301,-9.174444331,6.313524889,0.000000000,0.000000000,0.000000000,1.000000000,82
387,7.468870692,-9.187798836,6.257099974,0.000000000,0.000000000,0.000000000,1.000000000,83
388,7.680167568,-9.229294805,6.168685683,0.000000000,0.000000000,0.000000000,1.000000000,84
389,7.810535117,-9.254274380,6.113226948,0.000000000,0.000000000,0.000000000,1.000000000,85
390,7.964209582,-9.275692605,6.079251578,0.000000000,0.000000000,0.000000000,1.000000000,86
391,8.091516745,-9.291586165,6.056614844,0.000000000,0.000000000,0.000000000,1.000000000,87
392,8.240636814,-9.302544631,6.008364729,0.000000000,0.000000000,0.000000000,1.000000000,88
393,8.376779258,-9.322280265,5.951823822,0.000000000,0.000000000,0.000000000,1.000000000,
394,8.477651850,-9.334444839,5.910258116,0.000000000,0.000000000,0.000000000,1.000000000,
395,8.604203693,-9.345586664,5.855372247,0.000000000,0.000000000,0.000000000,1.000000000,
396,8.718654784,-9.341495945,5.814387788,0.000000000,0.000000000,0.000000000,1.000000000,
397,8.877326192,-9.362952402,5.726911575,0.000000000,0.000000000,0.000000000,1.000000000,
398,8.976549816,-9.390857756,5.663239126,0.000000000,0.000000000,0.000000000,1.000000000,
399,9.189202096,-9.396482457,5.600308066,0.000000000,0.000000000,0.000000000,1.000000000,
