pose_id,tx,ty,tz,qx,qy,qz,qw,loop_ids
0,0.000000000,0.000000000,0.000000000,0,0,0,1,304
1,0.037459919,-0.025397068,0.012329835,0,0,0,1,305
2,0.064110112,-0.034790992,0.015063900,0,0,0,1,306
3,0.146529764,-0.051756040,0.009117800,0,0,0,1,307
4,0.246649004,-0.171645104,-0.104048917,0,0,0,1,308
5,0.413837945,-0.305254059,0.043281896,0,0,0,1,309
6,0.562223175,-0.399842938,0.148528766,0,0,0,1,310
7,0.676496816,-0.480821351,0.243079503,0,0,0,1,311
8,0.770642002,-0.574330439,0.345485705,0,0,0,1,312
9,0.939232296,-0.659085223,0.537088952,0,0,0,1,313
10,1.032394358,-0.720211122,0.647577942,0,0,0,1,314
11,1.147031703,-0.819948383,0.846135636,0,0,0,1,315
12,1.195670365,-0.880527519,0.890432455,0,0,0,1,316
13,1.238144224,-0.947863820,0.941771948,0,0,0,1,317
14,1.324361542,-1.087890049,1.064898063,0,0,0,1,318
15,1.403545573,-1.244048074,1.171818431,0,0,0,1,319
16,1.485263210,-1.364855478,1.263909142,0,0,0,1,320
17,1.560806165,-1.482107603,1.393521859,0,0,0,1,321
18,1.660180247,-1.649787949,1.490475646,0,0,0,1,322
19,1.721736765,-1.770604838,1.598900398,0,0,0,1,323
20,1.759160435,-1.879191169,1.698101033,0,0,0,1,324
21,1.824219741,-1.973482971,1.861301370,0,0,0,1,325
22,1.919635755,-2.085859061,2.018320129,0,0,0,1,326
23,1.968624372,-2.194908705,2.124501520,0,0,0,1,327
24,2.018379075,-2.263834563,2.239191804,0,0,0,1,328
25,2.067019969,-2.363341304,2.313965641,0,0,0,1,329
26,2.140910331,-2.434984932,2.449412751,0,0,0,1,330
27,2.214970619,-2.489315495,2.559647427,0,0,0,1,331
28,2.257353056,-2.602803408,2.604759846,0,0,0,1,332
29,2.277852282,-2.674699990,2.649912150,0,0,0,1,333
30,2.318967117,-2.795147722,2.734660033,0,0,0,1,334
31,2.371477752,-2.913117880,2.821590823,0,0,0,1,335
32,2.424260849,-2.997482278,2.918145782,0,0,0,1,336
33,2.485261847,-3.083202183,3.064098036,0,0,0,1,337
34,2.535175845,-3.176052143,3.149725301,0,0,0,1,338
35,2.580344054,-3.270198828,3.189409390,0,0,0,1,339
36,2.619675067,-3.352788813,3.226385799,0,0,0,1,340
37,2.676309668,-3.450361395,3.306836755,0,0,0,1,341
38,2.741593581,-3.550097173,3.412464551,0,0,0,1,342
39,2.853669609,-3.675899099,3.572757301,0,0,0,1,343
40,2.930743948,-3.788324426,3.671987179,0,0,0,1,344
41,3.020918568,-3.869809882,3.819048513,0,0,0,1,345
42,3.151214336,-4.018505229,3.932596354,0,0,0,1,346
43,3.248597310,-4.218997243,4.045633789,0,0,0,1,347
44,3.321966677,-4.351482832,4.177742600,0,0,0,1,348
45,3.368310575,-4.491874184,4.260138670,0,0,0,1,349
46,3.423518669,-4.657853268,4.321766580,0,0,0,1,350
47,3.504550732,-4.776073552,4.474975126,0,0,0,1,351
48,3.609172066,-4.816746881,4.714105397,0,0,0,1,352
49,3.714333628,-4.959665968,4.923854410,0,0,0,1,353
50,3.796514270,-5.043957305,4.978584964,0,0,0,1,354
51,3.877693277,-5.182226750,5.074164975,0,0,0,1,355
52,3.929852581,-5.342477675,5.161763698,0,0,0,1,356
53,3.883739783,-5.476525536,5.246556454,0,0,0,1,357
54,3.843127754,-5.594569251,5.307939744,0,0,0,1,358
55,3.888653893,-5.779935764,5.391807917,0,0,0,1,359
56,3.947009579,-5.948368194,5.454439424,0,0,0,1,360
57,3.985628772,-6.048243535,5.499033555,0,0,0,1,361
58,4.034476982,-6.161674820,5.574154154,0,0,0,1,362
59,4.135767174,-6.372098575,5.711471149,0,0,0,1,363
60,4.230565908,-6.513034687,5.811863669,0,0,0,1,364
61,4.263375672,-6.593344989,5.821503862,0,0,0,1,365
62,4.301854130,-6.725757984,5.813790875,0,0,0,1,366
63,4.353382265,-6.877588954,5.807665738,0,0,0,1,367
64,4.419822047,-7.017458685,5.810961708,0,0,0,1,368
65,4.499228646,-7.210337241,5.861033198,0,0,0,1,369
66,4.582965901,-7.311694602,5.945967700,0,0,0,1,370
67,4.646190521,-7.416536341,5.957007171,0,0,0,1,371
68,4.665670768,-7.515267376,5.930100068,0,0,0,1,372
69,4.700654892,-7.695302846,5.922922777,0,0,0,1,373
70,4.798648897,-7.909422672,5.995876544,0,0,0,1,374
71,4.900482595,-8.041407846,6.089178392,0,0,0,1,375
72,4.970345994,-8.166236512,6.157893516,0,0,0,1,376
73,4.991556258,-8.331850972,6.188699444,0,0,0,1,377
74,5.060678446,-8.475340651,6.251720294,0,0,0,1,378
75,5.116379852,-8.656139974,6.308437145,0,0,0,1,379
76,5.156300052,-8.845969029,6.358362490,0,0,0,1,380
77,5.202043438,-8.987024829,6.427272463,0,0,0,1,381
78,5.232297954,-9.080973442,6.473505214,0,0,0,1,382
79,5.257601124,-9.231392040,6.512561848,0,0,0,1,383
80,5.264368301,-9.332877682,6.525964349,0,0,0,1,384
81,5.275753101,-9.444191139,6.573722555,0,0,0,1,385
82,5.314961541,-9.587155531,6.631784001,0,0,0,1,386
83,5.341495478,-9.698613810,6.658206521,0,0,0,1,387
84,5.384881590,-9.800116157,6.681052952,0,0,0,1,388
85,5.456783365,-9.899205329,6.688711693,0,0,0,1,389
86,5.527066589,-9.982427233,6.676487724,0,0,0,1,390
87,5.589937996,-10.030195442,6.657165091,0,0,0,1,391
88,5.728293844,-10.093134062,6.619691235,0,0,0,1,392
89,5.900186632,-10.157653379,6.572197971,0,0,0,1,
90,6.004713447,-10.184823697,6.566194239,0,0,0,1,
91,6.159895942,-10.200397540,6.533290639,0,0,0,1,
92,6.297088925,-10.212546711,6.467605120,0,0,0,1,
93,6.408392207,-10.205029352,6.427143821,0,0,0,1,
94,6.599165699,-10.188942647,6.464394629,0,0,0,1,
95,6.812567537,-10.154776183,6.463230948,0,0,0,1,
96,6.950202394,-10.126264298,6.456328529,0,0,0,1,
97,7.075943229,-10.093961770,6.437218840,0,0,0,1,
98,7.223022711,-10.062974023,6.385764701,0,0,0,1,
99,7.371235072,-10.032409720,6.360122754,0,0,0,1,
100,7.482132632,-10.021558588,6.312800967,0,0,0,1,
101,7.642902726,-9.984095412,6.264286608,0,0,0,1,
102,7.832237427,-9.962846947,6.210773111,0,0,0,1,
103,7.948750324,-9.940177504,6.177626489,0,0,0,1,
104,8.124298224,-9.906313088,6.105252385,0,0,0,1,
105,8.273334390,-9.883630962,6.038212340,0,0,0,1,
106,8.440427250,-9.837418219,6.028609870,0,0,0,1,
107,8.611420314,-9.841390274,5.953522470,0,0,0,1,
108,8.733320686,-9.846974577,5.889586922,0,0,0,1,
109,8.928467228,-9.837433514,5.833637245,0,0,0,1,
110,9.034019587,-9.827430438,5.779612992,0,0,0,1,
111,9.236134406,-9.817281845,5.663229638,0,0,0,1,
112,9.378302480,-9.819127394,5.598934725,0,0,0,1,
113,9.554000134,-9.823858453,5.527132932,0,0,0,1,
114,9.708297022,-9.796199717,5.451695715,0,0,0,1,
115,9.880987970,-9.787104845,5.366721775,0,0,0,1,
116,10.053000906,-9.801373838,5.278308418,0,0,0,1,
117,10.188140870,-9.795443774,5.190794798,0,0,0,1,
118,10.335355653,-9.778928987,5.158864234,0,0,0,1,
119,10.554170068,-9.736964160,5.143412375,0,0,0,1,
120,10.781010321,-9.701587677,5.128026641,0,0,0,1,
121,10.993154383,-9.674275858,5.093964480,0,0,0,1,
122,11.153063949,-9.659221620,5.062711078,0,0,0,1,
123,11.312532395,-9.637752537,5.035495223,0,0,0,1,
124,11.463099035,-9.608549116,5.001338838,0,0,0,1,
125,11.662093763,-9.566451043,4.982968382,0,0,0,1,
126,11.880819387,-9.553713303,4.957301539,0,0,0,1,
127,12.045889307,-9.512530451,4.954634686,0,0,0,1,
128,12.227346024,-9.498539095,4.862218661,0,0,0,1,
129,12.470552314,-9.431786814,4.847812005,0,0,0,1,
130,12.781744084,-9.369248088,4.796551413,0,0,0,1,
131,12.990930100,-9.360171429,4.723353423,0,0,0,1,
132,13.253235732,-9.328795015,4.687622480,0,0,0,1,
133,13.472842199,-9.347017034,4.625383710,0,0,0,1,
134,13.654005611,-9.344837870,4.559647022,0,0,0,1,
135,13.838755834,-9.353396683,4.484722575,0,0,0,1,
136,14.071745433,-9.363303579,4.390974253,0,0,0,1,
137,14.262852410,-9.359224484,4.352009672,0,0,0,1,
138,14.442936642,-9.356346948,4.304975954,0,0,0,1,
139,14.623601644,-9.362327945,4.225525661,0,0,0,1,
140,14.917108294,-9.361107464,4.172681775,0,0,0,1,
141,15.063108664,-9.369644787,4.227779827,0,0,0,1,
142,15.271681333,-9.360197739,4.143113429,0,0,0,1,
143,15.542485871,-9.396289448,4.026200917,0,0,0,1,
144,15.773976929,-9.428963884,3.920032448,0,0,0,1,
145,16.026631838,-9.472475267,3.801887366,0,0,0,1,
146,16.349545074,-9.474084302,3.806037584,0,0,0,1,
147,16.586387797,-9.507134240,3.778514771,0,0,0,1,
148,16.862741638,-9.572394414,3.716047132,0,0,0,1,
149,17.032263407,-9.596045516,3.676657798,0,0,0,1,
150,17.225602419,-9.633630449,3.627540367,0,0,0,1,
151,17.452036532,-9.670517562,3.559971920,0,0,0,1,
152,17.590812101,-9.670639543,3.517504670,0,0,0,1,
153,17.758843406,-9.655841744,3.456617750,0,0,0,1,
154,17.905927031,-9.618389936,3.388580596,0,0,0,1,
155,17.992913337,-9.566121166,3.336872129,0,0,0,1,
156,18.070910372,-9.492552654,3.277643657,0,0,0,1,
157,18.145705520,-9.395342993,3.213154511,0,0,0,1,
158,18.193075709,-9.317808972,3.165396396,0,0,0,1,
159,18.223513013,-9.203906109,3.097752112,0,0,0,1,
160,18.231772182,-9.108313373,3.043027475,0,0,0,1,
161,18.232763857,-8.971691548,2.959411721,0,0,0,1,
162,18.223670824,-8.864256007,2.880107735,0,0,0,1,
163,18.200843366,-8.696013552,2.757658895,0,0,0,1,
164,18.176166022,-8.536191627,2.637667830,0,0,0,1,
165,18.154655402,-8.416155711,2.534961022,0,0,0,1,
166,18.130140639,-8.321468879,2.465120926,0,0,0,1,
167,18.080218286,-8.182942163,2.380546876,0,0,0,1,
168,18.023920226,-7.984167700,2.278925415,0,0,0,1,
169,17.993407554,-7.816095240,2.186674969,0,0,0,1,
170,17.947646567,-7.654751768,2.079082134,0,0,0,1,
171,17.894708612,-7.495526560,1.948279968,0,0,0,1,
172,17.832227384,-7.330754251,1.831382393,0,0,0,1,
173,17.776413349,-7.114339199,1.702974742,0,0,0,1,
174,17.730665093,-6.926095536,1.620059989,0,0,0,1,
175,17.685835489,-6.756037208,1.532271815,0,0,0,1,
176,17.649501361,-6.557586649,1.426898320,0,0,0,1,
177,17.611218258,-6.428734916,1.332317901,0,0,0,1,
178,17.573133007,-6.287955225,1.255461589,0,0,0,1,
179,17.553101620,-6.157052096,1.193486678,0,0,0,1,
180,17.506586715,-5.974119878,1.109644177,0,0,0,1,
181,17.473653407,-5.864533277,1.047553697,0,0,0,1,
182,17.441528440,-5.722870953,0.966861650,0,0,0,1,
183,17.407488729,-5.574898066,0.860785519,0,0,0,1,
184,17.382592916,-5.440919393,0.747871295,0,0,0,1,
185,17.336934785,-5.306077294,0.652493186,0,0,0,1,
186,17.294314768,-5.216479308,0.592058048,0,0,0,1,
187,17.260791829,-5.079421983,0.507349698,0,0,0,1,
188,17.240039764,-4.949595417,0.417029476,0,0,0,1,
189,17.217758739,-4.854298586,0.346241365,0,0,0,1,
190,17.183999147,-4.731987782,0.247045704,0,0,0,1,
191,17.159106756,-4.642820063,0.165782031,0,0,0,1,
192,17.126971579,-4.529493064,0.071426413,0,0,0,1,
193,17.076147801,-4.369162882,-0.060751599,0,0,0,1,
194,17.034277533,-4.202616894,-0.160615889,0,0,0,1,
195,16.980874965,-4.019207014,-0.280332922,0,0,0,1,
196,16.918595599,-3.873259722,-0.414045902,0,0,0,1,
197,16.884170203,-3.753030985,-0.527389266,0,0,0,1,
198,16.857780638,-3.622984951,-0.634757091,0,0,0,1,
199,16.819809796,-3.486799632,-0.732474407,0,0,0,1,
200,16.786128017,-3.369577905,-0.817578348,0,0,0,1,
201,16.746189563,-3.236457843,-0.931717740,0,0,0,1,
202,16.703797339,-3.112979933,-1.047532759,0,0,0,1,
203,16.669161756,-2.970300047,-1.199296325,0,0,0,1,
204,16.625858518,-2.794395282,-1.342294988,0,0,0,1,
205,16.584973807,-2.614897531,-1.458668478,0,0,0,1,
206,16.534607450,-2.463015426,-1.571649175,0,0,0,1,
207,16.478796733,-2.304098552,-1.751155819,0,0,0,1,
208,16.444822895,-2.159910666,-1.879723658,0,0,0,1,
209,16.414098076,-2.016115842,-1.985581543,0,0,0,1,
210,16.373313290,-1.828592828,-2.116081430,0,0,0,1,
211,16.360396072,-1.726432574,-2.189594027,0,0,0,1,
212,16.335897510,-1.582735542,-2.309700460,0,0,0,1,
213,16.323444082,-1.509612794,-2.396005140,0,0,0,1,
214,16.285594905,-1.367772656,-2.544166570,0,0,0,1,
215,16.242518931,-1.259739497,-2.644284552,0,0,0,1,
216,16.208536959,-1.185134072,-2.713621812,0,0,0,1,
217,16.171958604,-1.108400801,-2.777324945,0,0,0,1,
218,16.117064151,-1.010438042,-2.840211811,0,0,0,1,
219,16.047712250,-0.924646328,-2.880546744,0,0,0,1,
220,15.908653468,-0.827693281,-2.915701011,0,0,0,1,
221,15.791968793,-0.764474934,-2.935778346,0,0,0,1,
222,15.689126310,-0.702583955,-2.945923127,0,0,0,1,
223,15.546608454,-0.627867938,-2.960438064,0,0,0,1,
224,15.436658290,-0.581456014,-2.966947765,0,0,0,1,
225,15.288828546,-0.544454967,-2.963137968,0,0,0,1,
226,15.154217051,-0.536869751,-2.944270471,0,0,0,1,
227,15.022488403,-0.552120357,-2.899191843,0,0,0,1,
228,14.795431062,-0.537151442,-2.812607191,0,0,0,1,
229,14.560221602,-0.509367902,-2.690452463,0,0,0,1,
230,14.335532114,-0.474838500,-2.600293938,0,0,0,1,
231,14.098334396,-0.455364810,-2.510151866,0,0,0,1,
232,13.915320560,-0.434981899,-2.452968904,0,0,0,1,
233,13.718809358,-0.427627845,-2.368953782,0,0,0,1,
234,13.539770743,-0.393490902,-2.279001811,0,0,0,1,
235,13.357547694,-0.372293228,-2.173883588,0,0,0,1,
236,13.132716081,-0.353925949,-2.053149571,0,0,0,1,
237,12.965951083,-0.344700034,-2.013268882,0,0,0,1,
238,12.795205083,-0.312760480,-1.974749531,0,0,0,1,
239,12.620149203,-0.291470124,-1.921514922,0,0,0,1,
240,12.454814170,-0.250661834,-1.854193046,0,0,0,1,
241,12.332363973,-0.227397293,-1.803260325,0,0,0,1,
242,12.184728577,-0.205106151,-1.769365413,0,0,0,1,
243,11.982066068,-0.204190562,-1.721599613,0,0,0,1,
244,11.765917450,-0.206214492,-1.715146915,0,0,0,1,
245,11.592499596,-0.203330340,-1.669817311,0,0,0,1,
246,11.424029485,-0.169086124,-1.610804185,0,0,0,1,
247,11.264867164,-0.135662196,-1.543260953,0,0,0,1,
248,11.098633740,-0.106955742,-1.491422897,0,0,0,1,
249,10.896930630,-0.088909897,-1.452108469,0,0,0,1,
250,10.684710517,-0.047061960,-1.443151385,0,0,0,1,
251,10.565204134,-0.030356730,-1.410315622,0,0,0,1,
252,10.386805276,0.010432857,-1.367213696,0,0,0,1,
253,10.220086119,0.020961230,-1.337683182,0,0,0,1,
254,10.118295372,0.010785565,-1.360173810,0,0,0,1,
255,9.986127752,-0.001170805,-1.410907086,0,0,0,1,
256,9.878152243,-0.018856863,-1.422789887,0,0,0,1,
257,9.699558493,-0.038966039,-1.426829933,0,0,0,1,
258,9.538601226,-0.043871164,-1.427684996,0,0,0,1,
259,9.368027905,-0.016792676,-1.386813848,0,0,0,1,
260,9.202279252,0.032130726,-1.249252495,0,0,0,1,
261,9.076081654,0.077575907,-1.142470667,0,0,0,1,
262,8.960906365,0.127217276,-1.077601640,0,0,0,1,
263,8.802116451,0.161900522,-1.021190617,0,0,0,1,
264,8.646456416,0.174078637,-0.997154782,0,0,0,1,
265,8.466077394,0.186837385,-0.980728854,0,0,0,1,
266,8.272930148,0.183638256,-0.965083899,0,0,0,1,
267,8.068342494,0.220828369,-0.900607482,0,0,0,1,
268,7.883495794,0.260816489,-0.845542365,0,0,0,1,
269,7.661784137,0.292936984,-0.771350577,0,0,0,1,
270,7.446594906,0.332134475,-0.708652149,0,0,0,1,
271,7.205737331,0.355869253,-0.632467362,0,0,0,1,
272,7.018733662,0.408798028,-0.576481087,0,0,0,1,
273,6.820827816,0.449796382,-0.510904922,0,0,0,1,
274,6.684775363,0.482102087,-0.453984568,0,0,0,1,
275,6.532605800,0.529351551,-0.385763020,0,0,0,1,
276,6.365836967,0.552447575,-0.316972033,0,0,0,1,
277,6.185921075,0.579258933,-0.285533627,0,0,0,1,
278,5.952956432,0.595799811,-0.253117751,0,0,0,1,
279,5.821323778,0.615298997,-0.231518307,0,0,0,1,
280,5.664732007,0.649466258,-0.193810189,0,0,0,1,
281,5.501560339,0.674888122,-0.133239859,0,0,0,1,
282,5.354030358,0.708714298,-0.078615456,0,0,0,1,
283,5.198868580,0.745369247,-0.019453576,0,0,0,1,
284,5.064019241,0.768908187,0.025550042,0,0,0,1,
285,4.929820268,0.790604102,0.049317143,0,0,0,1,
286,4.806935136,0.804228711,0.057344923,0,0,0,1,
287,4.569526686,0.803966483,0.073776244,0,0,0,1,
288,4.349960612,0.814471575,0.074700627,0,0,0,1,
289,4.134348668,0.838468668,0.114428280,0,0,0,1,
290,3.874803107,0.893434561,0.179981527,0,0,0,1,
291,3.674969814,0.931290869,0.232167294,0,0,0,1,
292,3.537276328,0.951089681,0.255420622,0,0,0,1,
293,3.396229389,0.966848824,0.271574770,0,0,0,1,
294,3.286602540,0.987787697,0.270726936,0,0,0,1,
295,3.177883120,1.017422843,0.263637949,0,0,0,1,
296,3.068917745,1.054149969,0.259237961,0,0,0,1,
297,2.923157256,1.104159213,0.263126795,0,0,0,1,
298,2.663785665,1.171771238,0.311522975,0,0,0,1,
299,2.511698665,1.180864017,0.351064810,0,0,0,1,
300,2.400099866,1.165109412,0.392713861,0,0,0,1,
301,2.298866829,1.144751653,0.440548045,0,0,0,1,
302,2.160660115,1.111066621,0.496259806,0,0,0,1,
303,2.067267208,1.067557299,0.546617728,0,0,0,1,
304,1.969268879,0.984616768,0.624611573,0,0,0,1,0
305,1.931873086,0.917197944,0.684657965,0,0,0,1,1
306,1.935300271,0.815270000,0.799822218,0,0,0,1,2
307,1.993795010,0.681281610,0.963935980,0,0,0,1,3
308,2.102211156,0.557911213,1.086469187,0,0,0,1,4
309,2.132041144,0.416397557,1.232286534,0,0,0,1,5
310,2.150308099,0.333671537,1.328197547,0,0,0,1,6
311,2.203480647,0.191686007,1.487746567,0,0,0,1,7
312,2.316343560,-0.021155863,1.653479792,0,0,0,1,8
313,2.376108407,-0.180835558,1.763663200,0,0,0,1,9
314,2.461098769,-0.314062952,1.958637913,0,0,0,1,10
315,2.508949421,-0.441631106,2.110165885,0,0,0,1,11
316,2.549185667,-0.520250408,2.170052399,0,0,0,1,12
317,2.633198548,-0.683031093,2.317356881,0,0,0,1,13
318,2.698864925,-0.838668446,2.421473131,0,0,0,1,14
319,2.728552894,-0.954395040,2.449721070,0,0,0,1,15
320,2.782883735,-1.104181380,2.490877646,0,0,0,1,16
321,2.882905762,-1.244008739,2.568545044,0,0,0,1,17
322,2.928258301,-1.440844974,2.651310668,0,0,0,1,18
323,3.066245710,-1.597443111,2.715524448,0,0,0,1,19
324,3.177910522,-1.736394002,2.850386757,0,0,0,1,20
325,3.235424862,-1.861199194,2.916845106,0,0,0,1,21
326,3.340224769,-1.953775410,3.134186766,0,0,0,1,22
327,3.455898538,-2.033701733,3.255858954,0,0,0,1,23
328,3.487718350,-2.166741134,3.375322856,0,0,0,1,24
329,3.563853310,-2.288672377,3.501543266,0,0,0,1,25
330,3.628393488,-2.470789114,3.569087183,0,0,0,1,26
331,3.681281453,-2.501731944,3.702702294,0,0,0,1,27
332,3.694739536,-2.589243164,3.822400051,0,0,0,1,28
333,3.752083315,-2.806482171,3.994638066,0,0,0,1,29
334,3.787676854,-2.927527098,4.054942122,0,0,0,1,30
335,3.853510365,-3.079015923,4.157356183,0,0,0,1,31
336,3.909893616,-3.268409104,4.260272003,0,0,0,1,32
337,3.983695218,-3.406144915,4.437634314,0,0,0,1,33
338,4.026483492,-3.594146777,4.601418974,0,0,0,1,34
339,4.089597185,-3.775188819,4.716288252,0,0,0,1,35
340,4.138442459,-3.971206693,4.816151901,0,0,0,1,36
341,4.215755170,-4.143864377,5.001123250,0,0,0,1,37
342,4.245193025,-4.264799909,5.098215569,0,0,0,1,38
343,4.300112909,-4.514874854,5.249817538,0,0,0,1,39
344,4.328405351,-4.706703565,5.336082050,0,0,0,1,40
345,4.391840529,-4.913744593,5.440618616,0,0,0,1,41
346,4.422824887,-5.149030940,5.545409338,0,0,0,1,42
347,4.487986252,-5.410118552,5.663602342,0,0,0,1,43
348,4.538555507,-5.581493124,5.771650760,0,0,0,1,44
349,4.538442395,-5.718108429,5.797250592,0,0,0,1,45
350,4.561790149,-5.912221256,5.854864162,0,0,0,1,46
351,4.589106283,-6.092195774,5.923590764,0,0,0,1,47
352,4.593282101,-6.241569835,5.988296822,0,0,0,1,48
353,4.621397609,-6.453535647,6.101747890,0,0,0,1,49
354,4.654658323,-6.683479577,6.196637117,0,0,0,1,50
355,4.665624934,-6.876872220,6.222030251,0,0,0,1,51
356,4.676238019,-7.051610775,6.262685027,0,0,0,1,52
357,4.730023376,-7.325994875,6.335127742,0,0,0,1,53
358,4.734703999,-7.489774716,6.442833858,0,0,0,1,54
359,4.734562828,-7.673533999,6.525047744,0,0,0,1,55
360,4.747584014,-7.823855407,6.582542437,0,0,0,1,56
361,4.753150930,-7.931122304,6.619641540,0,0,0,1,57
362,4.756154044,-8.073967975,6.662076257,0,0,0,1,58
363,4.769509073,-8.208510733,6.702373939,0,0,0,1,59
364,4.790996715,-8.333707722,6.741281087,0,0,0,1,60
365,4.773258990,-8.547832142,6.809273249,0,0,0,1,61
366,4.780086818,-8.666126052,6.855663021,0,0,0,1,62
367,4.849260849,-8.833254921,6.912842215,0,0,0,1,63
368,4.909454295,-8.920248677,6.934578610,0,0,0,1,64
369,4.972687340,-8.992919091,6.947482928,0,0,0,1,65
370,5.066164405,-9.074481805,6.963840273,0,0,0,1,66
371,5.175126334,-9.133942109,6.973862819,0,0,0,1,67
372,5.329602209,-9.193790768,6.960737690,0,0,0,1,68
373,5.413727386,-9.220816455,6.954318120,0,0,0,1,69
374,5.570059825,-9.227807474,6.939085645,0,0,0,1,70
375,5.678152599,-9.222680176,6.935523098,0,0,0,1,71
376,5.819009490,-9.212873500,6.902788339,0,0,0,1,72
377,5.948534357,-9.204545739,6.854393924,0,0,0,1,73
378,6.119705570,-9.192473941,6.801233528,0,0,0,1,74
379,6.288582888,-9.179936338,6.745233124,0,0,0,1,75
380,6.456733270,-9.175404016,6.659735577,0,0,0,1,76
381,6.568035580,-9.171720371,6.616859952,0,0,0,1,77
382,6.779225729,-9.168546059,6.525701489,0,0,0,1,78
383,6.933313364,-9.168047872,6.470883367,0,0,0,1,79
384,7.053675927,-9.156649220,6.432128944,0,0,0,1,80
385,7.219347254,-9.160113369,6.362782885,0,0,0,1,81
386,7.332541301,-9.174444331,6.313524889,0,0,0,1,82
387,7.468870692,-9.187798836,6.257099974,0,0,0,1,83
388,7.680167568,-9.229294805,6.168685683,0,0,0,1,84
389,7.810535117,-9.254274380,6.113226948,0,0,0,1,85
390,7.964209582,-9.275692605,6.079251578,0,0,0,1,86
391,8.091516745,-9.291586165,6.056614844,0,0,0,1,87
392,8.240636814,-9.302544631,6.008364729,0,0,0,1,88
393,8.376779258,-9.322280265,5.951823822,0,0,0,1,
394,8.477651850,-9.334444839,5.910258116,0,0,0,1,
395,8.604203693,-9.345586664,5.855372247,0,0,0,1,
396,8.718654784,-9.341495945,5.814387788,0,0,0,1,
397,8.877326192,-9.362952402,5.726911575,0,0,0,1,
398,8.976549816,-9.390857756,5.663239126,0,0,0,1,
399,9.189202096,-9.396482457,5.600308066,0,0,0,1,
400,9.355798448,-9.395429302,5.559542227,0,0,0,1,
401,9.461389890,-9.401693248,5.530686035,0,0,0,1,
402,9.563943418,-9.404063921,5.488506296,0,0,0,1,
403,9.729502482,-9.417609995,5.410423230,0,0,0,1,
404,9.823022357,-9.428011211,5.370628795,0,0,0,1,
405,9.983024849,-9.432700609,5.322120377,0,0,0,1,
406,10.130607768,-9.449681077,5.280749401,0,0,0,1,
407,10.290486190,-9.468946142,5.251631665,0,0,0,1,
408,10.531010236,-9.492727615,5.220905252,0,0,0,1,
409,10.722865891,-9.515476709,5.184016030,0,0,0,1,
410,10.907932449,-9.530394532,5.141587332,0,0,0,1,
411,11.133189669,-9.553789590,5.084982434,0,0,0,1,
412,11.320322152,-9.546800406,5.112723138,0,0,0,1,
413,11.546656696,-9.509351001,5.144247641,0,0,0,1,
414,11.699593122,-9.526797002,5.127962999,0,0,0,1,
415,11.952321699,-9.587220490,5.098484362,0,0,0,1,
416,12.198158235,-9.615536329,5.061474214,0,0,0,1,
417,12.357887341,-9.605694029,5.026420510,0,0,0,1,
418,12.493273011,-9.605770711,4.996475357,0,0,0,1,
419,12.682803304,-9.622563117,4.971053034,0,0,0,1,
420,12.919504685,-9.652432314,4.935076107,0,0,0,1,
421,13.197669756,-9.715238442,4.870181883,0,0,0,1,
422,13.446475750,-9.778843947,4.803066907,0,0,0,1,
423,13.542369525,-9.821386041,4.760153569,0,0,0,1,
424,13.642410957,-9.857640999,4.719747540,0,0,0,1,
425,13.810816651,-9.888326955,4.637856068,0,0,0,1,
426,13.917151466,-9.911456237,4.570333715,0,0,0,1,
427,14.030618395,-9.941664539,4.512067781,0,0,0,1,
428,14.224096739,-9.990645197,4.454561976,0,0,0,1,
429,14.386483243,-10.061384908,4.395512466,0,0,0,1,
430,14.583103664,-10.106284410,4.345853394,0,0,0,1,
431,14.699538936,-10.132565273,4.316009965,0,0,0,1,
432,14.871780072,-10.210411993,4.244823464,0,0,0,1,
433,15.042354253,-10.268733377,4.156125988,0,0,0,1,
434,15.170925733,-10.306659978,4.115479180,0,0,0,1,
435,15.270646768,-10.365869589,4.080368370,0,0,0,1,
436,15.363440478,-10.428725535,4.058860243,0,0,0,1,
437,15.498067099,-10.498790511,4.061597456,0,0,0,1,
438,15.740183324,-10.604742351,4.026839494,0,0,0,1,
439,15.922861977,-10.650555961,3.983777788,0,0,0,1,
440,16.066588342,-10.639776144,3.939199844,0,0,0,1,
441,16.146455693,-10.615519530,3.908203215,0,0,0,1,
442,16.227483974,-10.582950241,3.867083008,0,0,0,1,
443,16.307675801,-10.544177454,3.812192901,0,0,0,1,
444,16.387708096,-10.488180593,3.757906549,0,0,0,1,
445,16.472124645,-10.395216743,3.705860234,0,0,0,1,
446,16.502289209,-10.323722932,3.671499450,0,0,0,1,
447,16.522926613,-10.207467334,3.622039898,0,0,0,1,
448,16.535816899,-10.107937141,3.588374560,0,0,0,1,
449,16.533660373,-9.948455210,3.536734350,0,0,0,1,
450,16.528160123,-9.853293575,3.477860687,0,0,0,1,
451,16.524638864,-9.749438463,3.399151338,0,0,0,1,
452,16.530609318,-9.645274319,3.325350893,0,0,0,1,
453,16.540458477,-9.490689046,3.224329547,0,0,0,1,
454,16.525893946,-9.358098049,3.148607858,0,0,0,1,
455,16.508224674,-9.285612954,3.104471604,0,0,0,1,
456,16.481866763,-9.172165641,3.039546390,0,0,0,1,
457,16.461905989,-9.015792491,2.963337318,0,0,0,1,
458,16.438618671,-8.833621408,2.838256735,0,0,0,1,
459,16.430481590,-8.763252466,2.787096833,0,0,0,1,
460,16.426969485,-8.634323270,2.688746868,0,0,0,1,
461,16.444641740,-8.545779540,2.618885195,0,0,0,1,
462,16.464481826,-8.445782561,2.522545705,0,0,0,1,
463,16.445609601,-8.300814525,2.398787004,0,0,0,1,
464,16.429813396,-8.134479501,2.277600112,0,0,0,1,
465,16.414621340,-7.984012851,2.166350000,0,0,0,1,
466,16.395589016,-7.896239505,2.081510152,0,0,0,1,
467,16.373626445,-7.749584368,1.974977388,0,0,0,1,
468,16.357854618,-7.636753102,1.908357181,0,0,0,1,
469,16.350417079,-7.505952523,1.830061346,0,0,0,1,
470,16.330323487,-7.286444290,1.619422925,0,0,0,1,
471,16.295263339,-7.112877159,1.454291987,0,0,0,1,
472,16.276124515,-7.020337834,1.377877263,0,0,0,1,
473,16.250293979,-6.881799179,1.279014770,0,0,0,1,
474,16.219301446,-6.727007172,1.187948311,0,0,0,1,
475,16.215099879,-6.612273371,1.119219404,0,0,0,1,
476,16.233950413,-6.484242930,1.051072557,0,0,0,1,
477,16.235674094,-6.311533847,0.954609597,0,0,0,1,
478,16.193014266,-6.096996942,0.817913661,0,0,0,1,
479,16.158646699,-5.911148619,0.674514997,0,0,0,1,
480,16.135840791,-5.753243416,0.581754302,0,0,0,1,
481,16.143223193,-5.577544260,0.514237742,0,0,0,1,
482,16.143439324,-5.277572221,0.400313147,0,0,0,1,
483,16.127495222,-5.188727087,0.342962586,0,0,0,1,
484,16.108704294,-5.097719685,0.273578278,0,0,0,1,
485,16.082299322,-4.960073506,0.175189085,0,0,0,1,
486,16.058184000,-4.848705294,0.086344796,0,0,0,1,
487,16.040360855,-4.756805416,0.003761136,0,0,0,1,
488,16.028065771,-4.693387905,-0.054517928,0,0,0,1,
489,16.020021031,-4.613614280,-0.127715799,0,0,0,1,
490,16.022173189,-4.527909407,-0.200993441,0,0,0,1,
491,16.026350604,-4.417512293,-0.280977436,0,0,0,1,
492,16.023813461,-4.284654801,-0.387027632,0,0,0,1,
493,16.006934647,-4.186195511,-0.482207571,0,0,0,1,
494,15.968348899,-4.047226227,-0.627667867,0,0,0,1,
495,15.941553971,-3.930526702,-0.751716504,0,0,0,1,
496,15.933771636,-3.823802808,-0.877222381,0,0,0,1,
497,15.931201008,-3.750415277,-0.955083734,0,0,0,1,
498,15.946894118,-3.632876341,-1.063181395,0,0,0,1,
499,16.010168408,-3.511734375,-1.162097421,0,0,0,1,
500,16.065604733,-3.410042055,-1.244499395,0,0,0,1,
501,16.071468830,-3.279089467,-1.345768045,0,0,0,1,
502,16.053995823,-3.219623577,-1.385865183,0,0,0,1,
503,15.960403555,-3.079642055,-1.463496702,0,0,0,1,
504,15.909972736,-3.027307152,-1.480632063,0,0,0,1,
505,15.802963000,-2.947995108,-1.495630927,0,0,0,1,
506,15.704964038,-2.899507739,-1.498918033,0,0,0,1,
507,15.621435216,-2.848619584,-1.500519723,0,0,0,1,
508,15.549367053,-2.793061719,-1.486931314,0,0,0,1,
509,15.373685508,-2.681999412,-1.461200855,0,0,0,1,
510,15.229596022,-2.609403077,-1.437376180,0,0,0,1,
511,15.122525158,-2.560799156,-1.425367966,0,0,0,1,
512,15.025702379,-2.516033779,-1.418385100,0,0,0,1,
513,14.904036223,-2.449951927,-1.426484328,0,0,0,1,
514,14.721192987,-2.379701234,-1.414907527,0,0,0,1,
515,14.590308822,-2.342627417,-1.410052397,0,0,0,1,
516,14.449172803,-2.289545429,-1.399966999,0,0,0,1,
517,14.303298673,-2.233422967,-1.368053176,0,0,0,1,
518,14.156400673,-2.172438109,-1.319975391,0,0,0,1,
519,14.043682674,-2.141133294,-1.287066639,0,0,0,1,
520,13.926287123,-2.116797006,-1.265036308,0,0,0,1,
521,13.728616078,-2.076134478,-1.243005908,0,0,0,1,
522,13.569362209,-2.061345220,-1.213616961,0,0,0,1,
523,13.336366274,-2.008757033,-1.190370972,0,0,0,1,
524,13.129934842,-1.912396338,-1.125069829,0,0,0,1,
525,12.928019268,-1.845367120,-1.020261883,0,0,0,1,
526,12.691769906,-1.792336918,-0.932887036,0,0,0,1,
527,12.434520265,-1.730968458,-0.866923838,0,0,0,1,
528,12.160980817,-1.667568675,-0.828069656,0,0,0,1,
529,11.904364878,-1.613941710,-0.808556123,0,0,0,1,
530,11.733852541,-1.569876514,-0.777795535,0,0,0,1,
531,11.510245807,-1.513573398,-0.727698674,0,0,0,1,
532,11.338061141,-1.472893436,-0.669028837,0,0,0,1,
533,11.143294233,-1.410434393,-0.598588465,0,0,0,1,
534,10.973678057,-1.362253423,-0.570332412,0,0,0,1,
535,10.794986282,-1.333676516,-0.545591525,0,0,0,1,
536,10.606437678,-1.321729263,-0.552795294,0,0,0,1,
537,10.467250994,-1.317105992,-0.556645691,0,0,0,1,
538,10.293615402,-1.275563633,-0.514335136,0,0,0,1,
539,10.148574260,-1.220316916,-0.450873945,0,0,0,1,
540,9.974936533,-1.177368630,-0.387274429,0,0,0,1,
541,9.822592514,-1.148072867,-0.364200882,0,0,0,1,
542,9.640586294,-1.104979180,-0.344514296,0,0,0,1,
543,9.485144911,-1.057890985,-0.322316620,0,0,0,1,
544,9.307600690,-0.990814869,-0.310956244,0,0,0,1,
545,9.047542850,-0.878756604,-0.244295917,0,0,0,1,
546,8.796393063,-0.763643610,-0.157599791,0,0,0,1,
547,8.527311843,-0.667132768,-0.040259191,0,0,0,1,
548,8.377299341,-0.615169476,0.006359034,0,0,0,1,
549,8.134795082,-0.525085165,0.073797180,0,0,0,1,
550,7.978974577,-0.491737351,0.087138519,0,0,0,1,
551,7.817752861,-0.433476731,0.106186570,0,0,0,1,
552,7.631914607,-0.340987529,0.176974527,0,0,0,1,
553,7.430436202,-0.241087956,0.253707706,0,0,0,1,
554,7.214847948,-0.159227471,0.337762315,0,0,0,1,
555,6.996152012,-0.094018533,0.379976719,0,0,0,1,
556,6.873716019,-0.072803200,0.383248974,0,0,0,1,
557,6.766555506,-0.060856683,0.384699477,0,0,0,1,
558,6.654104350,-0.046260491,0.390679266,0,0,0,1,
559,6.531674156,-0.031664249,0.394426750,0,0,0,1,
560,6.315857154,-0.000921537,0.393788471,0,0,0,1,
561,6.125838974,0.038076316,0.423554287,0,0,0,1,
562,5.910936967,0.117131061,0.479930346,0,0,0,1,
563,5.649474681,0.198811456,0.563775785,0,0,0,1,
564,5.381080207,0.285177164,0.653917659,0,0,0,1,
565,5.148982451,0.359473428,0.722661721,0,0,0,1,
566,4.920098664,0.429164916,0.823548538,0,0,0,1,
567,4.695942319,0.470650931,0.913554740,0,0,0,1,
568,4.472042699,0.492869196,0.963123022,0,0,0,1,
569,4.251927833,0.524767016,0.993973281,0,0,0,1,
570,4.024288265,0.545349530,0.992391697,0,0,0,1,
571,3.759445394,0.637323871,0.986537995,0,0,0,1,
572,3.487055581,0.758940591,1.021072213,0,0,0,1,
573,3.381590992,0.764886094,1.075232238,0,0,0,1,
574,3.276114181,0.715113048,1.168763253,0,0,0,1,
575,3.197858507,0.658036898,1.247236647,0,0,0,1,
576,3.043520361,0.586485487,1.391652109,0,0,0,1,
577,2.886841937,0.471598425,1.542335808,0,0,0,1,
578,2.846806058,0.318609681,1.668934105,0,0,0,1,
579,2.961026062,0.197360265,1.814129593,0,0,0,1,
580,3.097728572,0.099280303,1.896033833,0,0,0,1,
581,3.234605932,-0.093977831,2.007721530,0,0,0,1,
582,3.327109057,-0.353214931,2.127617477,0,0,0,1,
583,3.463930545,-0.548097884,2.269272886,0,0,0,1,
584,3.569519183,-0.710512983,2.399574127,0,0,0,1,
585,3.670045927,-0.883884190,2.554860250,0,0,0,1,
586,3.780595671,-1.095936992,2.757840555,0,0,0,1,
587,3.918431581,-1.277568013,2.873743138,0,0,0,1,
588,4.001770404,-1.432423204,2.945433666,0,0,0,1,
589,4.126839984,-1.682280009,3.076223494,0,0,0,1,
590,4.221071325,-1.823582383,3.250353110,0,0,0,1,
591,4.324767088,-2.096755154,3.357167304,0,0,0,1,
592,4.375533349,-2.265946050,3.503882535,0,0,0,1,
593,4.448954336,-2.458625881,3.667310381,0,0,0,1,
594,4.488761651,-2.648549046,3.824401213,0,0,0,1,
595,4.523867862,-2.804879306,3.911276876,0,0,0,1,
596,4.542766565,-2.993063696,4.015328413,0,0,0,1,
597,4.596408084,-3.081068496,4.198231539,0,0,0,1,
598,4.620038977,-3.108911950,4.365497606,0,0,0,1,
599,4.630757226,-3.298355466,4.536633633,0,0,0,1,
600,4.623424541,-3.495540539,4.626983048,0,0,0,1,
601,4.677183865,-3.762885143,4.851998776,0,0,0,1,
602,4.701004501,-4.006478840,5.026264375,0,0,0,1,
603,4.670588609,-4.181575952,5.181055309,0,0,0,1,
604,4.678674610,-4.409635280,5.342632352,0,0,0,1,
605,4.717975254,-4.611452364,5.491503165,0,0,0,1,
606,4.778734470,-4.839694992,5.703722715,0,0,0,1,
607,4.809574212,-4.988795281,5.823056699,0,0,0,1,
608,4.843065900,-5.182891997,5.945355260,0,0,0,1,
609,4.848963990,-5.332532065,6.028819762,0,0,0,1,
610,4.877454043,-5.578377526,6.103458099,0,0,0,1,
611,4.887768364,-5.876703318,6.272068235,0,0,0,1,
612,4.896020867,-6.102110175,6.352906852,0,0,0,1,
613,4.932907250,-6.371168042,6.447246427,0,0,0,1,
614,4.945335196,-6.554416781,6.509941094,0,0,0,1,
615,4.912111517,-6.786780179,6.563143466,0,0,0,1,
616,4.888021147,-6.994628529,6.651177465,0,0,0,1,
617,4.870961059,-7.210799793,6.688662728,0,0,0,1,
618,4.873849536,-7.435245411,6.750320164,0,0,0,1,
619,4.883182512,-7.566902177,6.783338651,0,0,0,1,
620,4.902353863,-7.710974788,6.819197540,0,0,0,1,
621,4.893912802,-8.016663097,6.887063156,0,0,0,1,
622,4.930325082,-8.180507723,6.915244056,0,0,0,1,
623,5.002195900,-8.288842094,6.924568604,0,0,0,1,
624,5.117544980,-8.418586366,6.934172163,0,0,0,1,
625,5.267066676,-8.531698348,6.953400523,0,0,0,1,
626,5.389206440,-8.597186379,6.960448835,0,0,0,1,
627,5.513642935,-8.651738345,6.964789035,0,0,0,1,
628,5.687871172,-8.701023263,6.950876342,0,0,0,1,
629,5.817370624,-8.740394997,6.930612158,0,0,0,1,
630,5.947659249,-8.781397740,6.902572947,0,0,0,1,
631,6.103178887,-8.824237770,6.874589998,0,0,0,1,
632,6.360557574,-8.858793925,6.827578217,0,0,0,1,
633,6.682172906,-8.865854393,6.758281669,0,0,0,1,
634,6.958947113,-8.868224979,6.714147037,0,0,0,1,
635,7.183435454,-8.856012679,6.658855940,0,0,0,1,
636,7.304609901,-8.851207192,6.624785296,0,0,0,1,
637,7.430639924,-8.853922303,6.589689042,0,0,0,1,
638,7.514211743,-8.863458260,6.556919756,0,0,0,1,
639,7.630429661,-8.883030807,6.506247189,0,0,0,1,
640,7.800081343,-8.889034805,6.457083033,0,0,0,1,
641,8.020123248,-8.898072928,6.393014787,0,0,0,1,
642,8.169652627,-8.904837945,6.370020849,0,0,0,1,
643,8.354709616,-8.913784932,6.320055063,0,0,0,1,
644,8.532415589,-8.938984733,6.246235977,0,0,0,1,
645,8.746725688,-8.969440026,6.163287110,0,0,0,1,
646,8.913579228,-8.991624868,6.078759431,0,0,0,1,
647,9.080306738,-8.999000468,6.013084369,0,0,0,1,
648,9.272094739,-9.021883330,5.989527794,0,0,0,1,
649,9.479600492,-9.013362163,5.952798803,0,0,0,1,
650,9.701161512,-9.020740817,5.906058359,0,0,0,1,
651,9.883115044,-9.065427387,5.848561921,0,0,0,1,
652,10.063022608,-9.114871817,5.780309270,0,0,0,1,
653,10.296522399,-9.172387555,5.743521092,0,0,0,1,
654,10.479728186,-9.211280444,5.729080921,0,0,0,1,
655,10.720722610,-9.259415391,5.712531695,0,0,0,1,
656,10.961128322,-9.333800130,5.655729608,0,0,0,1,
657,11.171859767,-9.385454849,5.625563145,0,0,0,1,
658,11.451435171,-9.437269514,5.632859330,0,0,0,1,
659,11.632249243,-9.481383694,5.632181947,0,0,0,1,
660,11.774656042,-9.537579156,5.594498297,0,0,0,1,
661,11.938361202,-9.579850618,5.568695159,0,0,0,1,
662,12.147452271,-9.642620014,5.523710544,0,0,0,1,
663,12.401569683,-9.699242038,5.486729797,0,0,0,1,
664,12.573714780,-9.732793845,5.414861987,0,0,0,1,
665,12.762594507,-9.763652933,5.326121326,0,0,0,1,
666,12.999712968,-9.811303180,5.258747292,0,0,0,1,
667,13.294176372,-9.870601600,5.194485773,0,0,0,1,
668,13.577584026,-9.926668226,5.111576799,0,0,0,1,
669,13.814900268,-9.994082962,5.044715006,0,0,0,1,
670,14.035051839,-10.079600307,4.950488616,0,0,0,1,
671,14.330729824,-10.194914965,4.869202407,0,0,0,1,
672,14.570457825,-10.283127518,4.833041036,0,0,0,1,
673,14.877355233,-10.323487223,4.777100207,0,0,0,1,
674,15.018046802,-10.317531869,4.740320993,0,0,0,1,
675,15.230458058,-10.267803307,4.662530064,0,0,0,1,
676,15.352942438,-10.228255270,4.607809636,0,0,0,1,
677,15.510710554,-10.169185658,4.523167203,0,0,0,1,
678,15.578646901,-10.130687180,4.475140552,0,0,0,1,
679,15.685795682,-10.023527269,4.380196743,0,0,0,1,
680,15.740742275,-9.924580213,4.312870334,0,0,0,1,
681,15.795577086,-9.772156710,4.220200594,0,0,0,1,
682,15.816631926,-9.690513851,4.178594886,0,0,0,1,
683,15.831858365,-9.600918234,4.142056061,0,0,0,1,
684,15.847326844,-9.476890758,4.088037644,0,0,0,1,
685,15.865477996,-9.359729820,4.022422270,0,0,0,1,
686,15.910232022,-9.155970889,3.899185554,0,0,0,1,
687,15.924254349,-9.078957800,3.849255439,0,0,0,1,
688,15.948861944,-8.929564638,3.752366713,0,0,0,1,
689,15.957384606,-8.859237218,3.704904839,0,0,0,1,
690,15.957877140,-8.785453103,3.661623793,0,0,0,1,
691,15.937116608,-8.665182696,3.595800708,0,0,0,1,
692,15.908968924,-8.548435553,3.530016401,0,0,0,1,
693,15.881676652,-8.401970664,3.449613317,0,0,0,1,
694,15.854005550,-8.143144095,3.316475109,0,0,0,1,
695,15.851544001,-8.069213194,3.277269131,0,0,0,1,
696,15.849821079,-7.877151420,3.176356661,0,0,0,1,
697,15.856782329,-7.802565798,3.132596630,0,0,0,1,
698,15.843662879,-7.586412196,2.996788326,0,0,0,1,
699,15.810170458,-7.487810363,2.936562824,0,0,0,1,
700,15.780034569,-7.395657958,2.876777158,0,0,0,1,
701,15.761998503,-7.277579837,2.802640239,0,0,0,1,
702,15.758837347,-7.182636610,2.743653667,0,0,0,1,
703,15.767073264,-7.098135046,2.683151822,0,0,0,1,
704,15.782232036,-6.978619323,2.617263807,0,0,0,1,
705,15.794108467,-6.878223014,2.564449239,0,0,0,1,
706,15.802583212,-6.694024161,2.454054416,0,0,0,1,
707,15.806442915,-6.620451488,2.406572711,0,0,0,1,
708,15.816371315,-6.476720090,2.309685567,0,0,0,1,
709,15.817363355,-6.381920327,2.225789588,0,0,0,1,
710,15.824278689,-6.227979141,2.087441629,0,0,0,1,
711,15.828904843,-6.050308418,1.907130464,0,0,0,1,
712,15.839882940,-5.965603742,1.822913017,0,0,0,1,
713,15.859227075,-5.885564770,1.735992487,0,0,0,1,
714,15.842822346,-5.616089309,1.541733418,0,0,0,1,
715,15.814811563,-5.505809198,1.484208655,0,0,0,1,
716,15.797457133,-5.367307067,1.409904704,0,0,0,1,
717,15.813564058,-5.165897464,1.296512639,0,0,0,1,
718,15.820834700,-4.983427601,1.149235445,0,0,0,1,
719,15.797279854,-4.897380755,1.072213948,0,0,0,1,
720,15.776213816,-4.765813341,0.970681526,0,0,0,1,
721,15.781782345,-4.669440122,0.894061425,0,0,0,1,
722,15.802085368,-4.558770148,0.812570359,0,0,0,1,
723,15.850836871,-4.325896051,0.703207296,0,0,0,1,
724,15.891903012,-4.167496806,0.644673943,0,0,0,1,
725,15.906109656,-4.034325166,0.591413361,0,0,0,1,
726,15.900839446,-3.943723033,0.552700684,0,0,0,1,
727,15.846322169,-3.728023772,0.448963989,0,0,0,1,
728,15.787827172,-3.598689214,0.388420718,0,0,0,1,
729,15.683806410,-3.441525323,0.325841390,0,0,0,1,
730,15.588581889,-3.348704092,0.292333901,0,0,0,1,
731,15.442179047,-3.230527413,0.268430994,0,0,0,1,
732,15.365536981,-3.180280912,0.267446731,0,0,0,1,
733,15.174340519,-3.080165021,0.290522212,0,0,0,1,
734,15.100240676,-3.043970969,0.302956301,0,0,0,1,
735,14.904561444,-2.952952901,0.326877694,0,0,0,1,
736,14.723589970,-2.898167417,0.365446035,0,0,0,1,
737,14.529106972,-2.852889711,0.394549114,0,0,0,1,
738,14.392702230,-2.804745076,0.398291930,0,0,0,1,
739,14.183009887,-2.732445247,0.426799134,0,0,0,1,
740,13.998564883,-2.679135100,0.454058252,0,0,0,1,
741,13.772793897,-2.620021293,0.500603420,0,0,0,1,
742,13.627255236,-2.575039276,0.538117889,0,0,0,1,
743,13.485820540,-2.537193010,0.578799192,0,0,0,1,
744,13.269113023,-2.476609127,0.643950093,0,0,0,1,
745,13.041352339,-2.404082469,0.738858013,0,0,0,1,
746,12.899224404,-2.352765375,0.770515205,0,0,0,1,
747,12.716969068,-2.291378533,0.788091686,0,0,0,1,
748,12.534787543,-2.237975385,0.790566264,0,0,0,1,
749,12.282061645,-2.160371699,0.795232895,0,0,0,1,
750,12.072489026,-2.075540973,0.814994294,0,0,0,1,
751,11.871883039,-1.976468560,0.823467384,0,0,0,1,
752,11.590221827,-1.886791352,0.876653486,0,0,0,1,
753,11.345120672,-1.813505429,0.918191305,0,0,0,1,
754,11.118023751,-1.751126584,0.949276535,0,0,0,1,
755,10.899221838,-1.684655428,0.959527148,0,0,0,1,
756,10.657435722,-1.589180081,0.979438559,0,0,0,1,
757,10.529855421,-1.541202965,0.993779608,0,0,0,1,
758,10.396221526,-1.485796238,1.022571160,0,0,0,1,
759,10.131840072,-1.376873618,1.133789423,0,0,0,1,
760,9.908472461,-1.317179142,1.175960128,0,0,0,1,
761,9.553057818,-1.197186970,1.245100433,0,0,0,1,
762,9.288455693,-1.106469376,1.280967531,0,0,0,1,
763,9.058331039,-1.012402791,1.336594580,0,0,0,1,
764,8.772873255,-0.884354419,1.395484867,0,0,0,1,
765,8.532356866,-0.780481360,1.440902893,0,0,0,1,
766,8.256770012,-0.684561558,1.468442343,0,0,0,1,
767,7.963981840,-0.616261939,1.522274049,0,0,0,1,
768,7.802496020,-0.585859314,1.546469814,0,0,0,1,
769,7.624110936,-0.509407482,1.568066863,0,0,0,1,
770,7.464414373,-0.417725017,1.612149492,0,0,0,1,
771,7.336415422,-0.351418148,1.654328450,0,0,0,1,
772,7.203638109,-0.297132963,1.695397631,0,0,0,1,
773,6.989491136,-0.213138549,1.759249937,0,0,0,1,
774,6.854380286,-0.163267172,1.783080268,0,0,0,1,
775,6.715286818,-0.105094676,1.798006755,0,0,0,1,
776,6.640645094,-0.075078564,1.806232387,0,0,0,1,
777,6.449433934,-0.013410201,1.816890736,0,0,0,1,
778,6.372733961,0.009252678,1.816349131,0,0,0,1,
779,6.233604666,0.056072506,1.811730026,0,0,0,1,
780,6.123625364,0.093339338,1.823118543,0,0,0,1,
781,5.962398743,0.149747246,1.861027927,0,0,0,1,
782,5.804948320,0.224053751,1.897793652,0,0,0,1,
783,5.670145257,0.297724710,1.921175476,0,0,0,1,
784,5.486077459,0.435963446,1.936755965,0,0,0,1,
785,5.220753697,0.580556969,1.961377294,0,0,0,1,
786,5.067344965,0.624365979,2.001785386,0,0,0,1,
787,4.905866569,0.631752674,2.055731840,0,0,0,1,
788,4.788036480,0.611784102,2.100182409,0,0,0,1,
789,4.675100943,0.563527258,2.176532590,0,0,0,1,
790,4.614185747,0.519122857,2.235288815,0,0,0,1,
791,4.565419141,0.467018683,2.292885964,0,0,0,1,
792,4.453733531,0.319424432,2.434459683,0,0,0,1,
793,4.374284923,0.117910126,2.611788890,0,0,0,1,
794,4.380633506,-0.103330118,2.771460381,0,0,0,1,
795,4.476163609,-0.425561309,2.969434876,0,0,0,1,
796,4.588483781,-0.668839107,3.083955932,0,0,0,1,
797,4.711967876,-0.936629930,3.265745576,0,0,0,1,
798,4.751105996,-1.092677308,3.318206564,0,0,0,1,
799,4.793714515,-1.067661394,3.356021859,0,0,0,1,
800,4.879332293,-1.122239787,3.407803334,0,0,0,1,
801,4.968534263,-1.237721130,3.515103228,0,0,0,1,
802,5.049618991,-1.432083603,3.636174120,0,0,0,1,
803,5.182505718,-1.598516821,3.764387162,0,0,0,1,
804,5.265324125,-1.819955386,3.887906467,0,0,0,1,
805,5.352149705,-2.042799185,4.000861021,0,0,0,1,
806,5.405622064,-2.225510056,4.015753324,0,0,0,1,
807,5.461123431,-2.374482539,4.078122469,0,0,0,1,
808,5.485517774,-2.501597643,4.173953845,0,0,0,1,
809,5.492053621,-2.632156869,4.219388813,0,0,0,1,
810,5.521158075,-2.735069580,4.220002040,0,0,0,1,
811,5.545815012,-2.856165100,4.258700373,0,0,0,1,
812,5.546947930,-2.999550205,4.338398153,0,0,0,1,
813,5.588103594,-3.175315521,4.452392779,0,0,0,1,
814,5.627034346,-3.300472625,4.552718160,0,0,0,1,
815,5.602194910,-3.430037754,4.667323944,0,0,0,1,
816,5.593450070,-3.563928316,4.825553520,0,0,0,1,
817,5.611043556,-3.735130787,5.042324962,0,0,0,1,
818,5.613739097,-3.858962257,5.280189112,0,0,0,1,
819,5.592875272,-3.967422563,5.423663788,0,0,0,1,
820,5.613035971,-4.071748582,5.488387126,0,0,0,1,
821,5.631802196,-4.228728261,5.554652359,0,0,0,1,
822,5.561968317,-4.521409496,5.713684812,0,0,0,1,
823,5.464065874,-4.732574711,5.837401815,0,0,0,1,
824,5.406438969,-4.967564665,5.945312601,0,0,0,1,
825,5.344659439,-5.185691932,6.060366535,0,0,0,1,
826,5.306139999,-5.313053610,6.152991372,0,0,0,1,
827,5.244524100,-5.517258234,6.268533912,0,0,0,1,
828,5.197051538,-5.714182894,6.357299824,0,0,0,1,
829,5.156137600,-5.827551820,6.386064150,0,0,0,1,
830,5.109353881,-5.978892822,6.432272814,0,0,0,1,
831,5.032253409,-6.250696985,6.514250916,0,0,0,1,
832,4.997497053,-6.396175940,6.550057061,0,0,0,1,
833,4.960653597,-6.532756626,6.570524504,0,0,0,1,
834,4.921773476,-6.833588639,6.624353609,0,0,0,1,
835,4.912149410,-6.997659296,6.658693855,0,0,0,1,
836,4.893751777,-7.196483431,6.672497871,0,0,0,1,
837,4.874862079,-7.342005855,6.694178056,0,0,0,1,
838,4.837904988,-7.575274412,6.730884065,0,0,0,1,
839,4.796144187,-7.753228878,6.797478205,0,0,0,1,
840,4.813388753,-7.969521169,6.824163659,0,0,0,1,
841,4.787957089,-8.219035482,6.884497628,0,0,0,1,
842,4.837623921,-8.331494509,6.914675806,0,0,0,1,
843,4.952005969,-8.449051196,6.942300746,0,0,0,1,
844,5.021854904,-8.500440660,6.949328385,0,0,0,1,
845,5.190778626,-8.601089901,6.947783856,0,0,0,1,
846,5.307095516,-8.628657342,6.941849121,0,0,0,1,
847,5.487270313,-8.611644818,6.936707169,0,0,0,1,
848,5.573827774,-8.576947616,6.928787927,0,0,0,1,
849,5.664536717,-8.552328163,6.909891284,0,0,0,1,
850,5.767885309,-8.533950787,6.886686508,0,0,0,1,
851,5.906060113,-8.521090450,6.864351691,0,0,0,1,
852,6.202351810,-8.505812325,6.837836950,0,0,0,1,
853,6.310310619,-8.517813841,6.816030590,0,0,0,1,
854,6.410026289,-8.515561396,6.792098136,0,0,0,1,
855,6.685997220,-8.463711594,6.698313910,0,0,0,1,
856,6.867218037,-8.402738798,6.625708686,0,0,0,1,
857,6.968275988,-8.382971787,6.571897528,0,0,0,1,
858,7.109285517,-8.365584283,6.515797067,0,0,0,1,
859,7.263031138,-8.354508631,6.499473362,0,0,0,1,
860,7.407520425,-8.334012088,6.476302639,0,0,0,1,
861,7.589342431,-8.351278929,6.442029694,0,0,0,1,
862,7.823972651,-8.402996905,6.396640996,0,0,0,1,
863,8.002078658,-8.429675840,6.349451570,0,0,0,1,
864,8.140070387,-8.423104578,6.314391743,0,0,0,1,
865,8.256539291,-8.410943902,6.290397678,0,0,0,1,
866,8.420355932,-8.411824467,6.274249024,0,0,0,1,
867,8.642206257,-8.451391413,6.251638531,0,0,0,1,
868,8.876093231,-8.507090681,6.230305763,0,0,0,1,
869,9.003833624,-8.544813137,6.210706640,0,0,0,1,
870,9.119589091,-8.573297295,6.193073270,0,0,0,1,
871,9.254275145,-8.606229736,6.175724932,0,0,0,1,
872,9.432656133,-8.650808651,6.138857891,0,0,0,1,
873,9.735906234,-8.747495279,6.090387159,0,0,0,1,
874,9.815592004,-8.769653335,6.070932054,0,0,0,1,
875,9.971109488,-8.823897539,6.035401596,0,0,0,1,
876,10.075636264,-8.850667508,6.014590476,0,0,0,1,
877,10.232114687,-8.896273099,5.970353818,0,0,0,1,
878,10.353313466,-8.932633999,5.924812022,0,0,0,1,
879,10.501452520,-8.968141757,5.871593496,0,0,0,1,
880,10.624489678,-9.001705853,5.828247295,0,0,0,1,
881,10.831068845,-9.073495276,5.755444254,0,0,0,1,
882,10.924531760,-9.108906573,5.716232168,0,0,0,1,
883,11.065627904,-9.154659320,5.674849944,0,0,0,1,
884,11.218980782,-9.181453719,5.640604199,0,0,0,1,
885,11.332868388,-9.197958579,5.611342512,0,0,0,1,
886,11.480001989,-9.231381469,5.576203000,0,0,0,1,
887,11.650232022,-9.298828594,5.526633121,0,0,0,1,
888,11.857923961,-9.400879936,5.422771040,0,0,0,1,
889,12.018598133,-9.468934364,5.350306470,0,0,0,1,
890,12.243471891,-9.563082242,5.299391191,0,0,0,1,
891,12.402839198,-9.618366799,5.275520213,0,0,0,1,
892,12.597139305,-9.696497274,5.247363101,0,0,0,1,
893,12.788357135,-9.799086217,5.208768619,0,0,0,1,
894,12.956312646,-9.896777687,5.186545447,0,0,0,1,
895,13.157190234,-10.001400498,5.129670461,0,0,0,1,
896,13.327858457,-10.086947679,5.111353387,0,0,0,1,
897,13.518854244,-10.197215365,5.109857704,0,0,0,1,
898,13.626272271,-10.262876924,5.112584664,0,0,0,1,
899,13.752845437,-10.318639831,5.111620129,0,0,0,1,
900,13.954795998,-10.446444905,5.108194098,0,0,0,1,
901,14.084341972,-10.522477679,5.086477140,0,0,0,1,
902,14.278064333,-10.586374068,5.021539766,0,0,0,1,
903,14.371301445,-10.573295513,4.981889651,0,0,0,1,
904,14.382153507,-10.658589185,4.987621235,0,0,0,1,
905,14.474875920,-10.651668507,4.955371212,0,0,0,1,
906,14.563774523,-10.632376428,4.922684185,0,0,0,1,
907,14.687915646,-10.586013201,4.862273877,0,0,0,1,
908,14.726870884,-10.561886163,4.841318492,0,0,0,1,
909,14.788339385,-10.509941938,4.798823458,0,0,0,1,
910,14.884722545,-10.389473324,4.715015856,0,0,0,1,
911,14.936889602,-10.321881781,4.670148668,0,0,0,1,
912,14.986722692,-10.256732161,4.628394702,0,0,0,1,
913,15.069305969,-10.155956378,4.562580706,0,0,0,1,
914,15.122629597,-10.085530402,4.516100863,0,0,0,1,
915,15.175498766,-10.017661819,4.469874886,0,0,0,1,
916,15.274696689,-9.880207652,4.375535301,0,0,0,1,
917,15.320266225,-9.813414272,4.326180786,0,0,0,1,
918,15.407082291,-9.637169954,4.203533606,0,0,0,1,
919,15.431021671,-9.569300231,4.155068374,0,0,0,1,
920,15.496965346,-9.423846453,4.043026007,0,0,0,1,
921,15.609963223,-9.226788620,3.919014265,0,0,0,1,
922,15.673601778,-9.107074175,3.854896132,0,0,0,1,
923,15.723112391,-9.022672422,3.803048865,0,0,0,1,
924,15.776544820,-8.941774936,3.740376325,0,0,0,1,
925,15.843346607,-8.860179298,3.676174249,0,0,0,1,
926,15.887459788,-8.800889142,3.634720263,0,0,0,1,
927,15.983749086,-8.654779182,3.520390327,0,0,0,1,
928,16.021445354,-8.596952232,3.473159805,0,0,0,1,
929,16.056535754,-8.538880825,3.426551422,0,0,0,1,
930,16.109306012,-8.460965598,3.357152908,0,0,0,1,
931,16.161034195,-8.393064225,3.282376670,0,0,0,1,
932,16.231928949,-8.308539484,3.178449567,0,0,0,1,
933,16.298713907,-8.238837576,3.086608511,0,0,0,1,
934,16.377261497,-8.171848127,3.000073394,0,0,0,1,
935,16.490193149,-8.069797485,2.882590274,0,0,0,1,
936,16.554855726,-8.003407604,2.828634109,0,0,0,1,
937,16.652313917,-7.907971404,2.750860156,0,0,0,1,
938,16.844172589,-7.742166297,2.623714277,0,0,0,1,
939,16.926394610,-7.673626820,2.560383589,0,0,0,1,
940,17.039327881,-7.571612263,2.469081802,0,0,0,1,
941,17.111779455,-7.485193408,2.394663332,0,0,0,1,
942,17.175024195,-7.297343142,2.279858528,0,0,0,1,
943,17.179783195,-7.210450113,2.240300397,0,0,0,1,
944,17.205838762,-7.043716988,2.158721532,0,0,0,1,
945,17.239326355,-6.929514091,2.100678881,0,0,0,1,
946,17.299354806,-6.787516813,2.023624455,0,0,0,1,
947,17.353597371,-6.688707415,1.962298829,0,0,0,1,
948,17.450830529,-6.527048572,1.862267505,0,0,0,1,
949,17.511889092,-6.429723753,1.798951564,0,0,0,1,
950,17.573044104,-6.332312111,1.734072061,0,0,0,1,
951,17.613260665,-6.277558348,1.689145068,0,0,0,1,
952,17.696489507,-6.128022198,1.563796562,0,0,0,1,
953,17.709862098,-6.052620090,1.512916168,0,0,0,1,
954,17.719232452,-5.970052772,1.461364224,0,0,0,1,
955,17.729098820,-5.847070630,1.383579603,0,0,0,1,
956,17.735274919,-5.716785549,1.312854789,0,0,0,1,
957,17.739095766,-5.541708545,1.220631491,0,0,0,1,
958,17.735393544,-5.454305304,1.177111083,0,0,0,1,
959,17.710614227,-5.231688256,1.090996240,0,0,0,1,
960,17.684349498,-5.140953653,1.067916574,0,0,0,1,
961,17.643303062,-5.050477877,1.054140231,0,0,0,1,
962,17.519767675,-4.907711534,1.051544898,0,0,0,1,
963,17.444095423,-4.850510727,1.055787683,0,0,0,1,
964,17.307764683,-4.752289729,1.071822130,0,0,0,1,
965,17.222176823,-4.675002296,1.092454455,0,0,0,1,
966,17.108741526,-4.538881376,1.104664582,0,0,0,1,
967,17.024266039,-4.450353237,1.108167198,0,0,0,1,
968,16.897043839,-4.321098832,1.110622764,0,0,0,1,
969,16.706019798,-4.112391686,1.114704314,0,0,0,1,
970,16.599448948,-3.997565477,1.130463305,0,0,0,1,
971,16.434427990,-3.836156368,1.184609455,0,0,0,1,
972,16.321058959,-3.729654979,1.224603274,0,0,0,1,
973,16.074562919,-3.532973492,1.298730357,0,0,0,1,
974,15.964724173,-3.457884033,1.308445278,0,0,0,1,
975,15.859847447,-3.382145819,1.306158886,0,0,0,1,
976,15.752522055,-3.301993585,1.308920716,0,0,0,1,
977,15.647673478,-3.219350533,1.315299396,0,0,0,1,
978,15.454222557,-3.064126297,1.369692590,0,0,0,1,
979,15.354080977,-2.974726508,1.394886905,0,0,0,1,
980,15.238720895,-2.848118983,1.416781756,0,0,0,1,
981,15.145318725,-2.749453880,1.437073619,0,0,0,1,
982,15.011964682,-2.618281366,1.462853195,0,0,0,1,
983,14.934466174,-2.546665674,1.475219694,0,0,0,1,
984,14.737233377,-2.365639375,1.484143193,0,0,0,1,
985,14.598420974,-2.224676992,1.502872835,0,0,0,1,
986,14.474046941,-2.078278655,1.524744611,0,0,0,1,
987,14.358495347,-1.942721588,1.535172308,0,0,0,1,
988,14.197908467,-1.740653169,1.552228380,0,0,0,1,
989,14.105350343,-1.642623746,1.575149492,0,0,0,1,
990,13.975271237,-1.509460121,1.592873295,0,0,0,1,
991,13.878525144,-1.418278803,1.586162057,0,0,0,1,
992,13.725329862,-1.262757495,1.570818583,0,0,0,1,
993,13.524066485,-1.100593985,1.571599490,0,0,0,1,
994,13.432448546,-1.035999232,1.572807038,0,0,0,1,
995,13.314902866,-0.918165057,1.580713927,0,0,0,1,
996,13.109725476,-0.698693912,1.613654431,0,0,0,1,
997,12.982271202,-0.566239727,1.629486327,0,0,0,1,
998,12.869395650,-0.459575164,1.658745286,0,0,0,1,
999,12.781386901,-0.379340307,1.671870671,0,0,0,1,
1000,12.668462236,-0.274945941,1.673199575,0,0,0,1,
1001,12.573373330,-0.201108980,1.647144993,0,0,0,1,
1002,12.459143782,-0.093568315,1.647984643,0,0,0,1,
1003,12.253619700,0.100812561,1.714925475,0,0,0,1,
1004,12.065321882,0.315586792,1.776879878,0,0,0,1,
1005,11.871400017,0.546959681,1.831620148,0,0,0,1,
1006,11.782980208,0.619444833,1.814611349,0,0,0,1,
1007,11.678998796,0.712176005,1.814146243,0,0,0,1,
1008,11.551234998,0.853649829,1.835566158,0,0,0,1,
1009,11.413368643,0.999557368,1.792512831,0,0,0,1,
1010,11.302229309,1.142245806,1.763751438,0,0,0,1,
1011,11.185613874,1.301055682,1.764790789,0,0,0,1,
1012,11.065040248,1.439990773,1.750856511,0,0,0,1,
1013,10.970906887,1.543224281,1.732373412,0,0,0,1,
1014,10.846722705,1.637562375,1.716788951,0,0,0,1,
1015,10.762418118,1.696425136,1.694610212,0,0,0,1,
1016,10.663720295,1.807737264,1.670232380,0,0,0,1,
1017,10.560012314,1.943125247,1.680968079,0,0,0,1,
1018,10.478223190,2.032779482,1.686287828,0,0,0,1,
1019,10.352900233,2.091436191,1.714862438,0,0,0,1,
1020,10.237642817,2.087896933,1.760291550,0,0,0,1,
1021,10.137872854,2.031548581,1.805975777,0,0,0,1,
1022,10.052865854,1.961504605,1.855180582,0,0,0,1,
1023,9.962425698,1.829703532,1.956259045,0,0,0,1,
1024,9.929569119,1.746578802,2.011113161,0,0,0,1,
1025,9.891993448,1.659982289,2.079302242,0,0,0,1,
1026,9.830516361,1.536964229,2.197840966,0,0,0,1,
1027,9.776719597,1.391432181,2.317936464,0,0,0,1,
1028,9.766677081,1.258630203,2.389525250,0,0,0,1,
1029,9.773624887,1.114725754,2.463016041,0,0,0,1,
1030,9.787698753,0.967352779,2.524189616,0,0,0,1,
1031,9.796762744,0.758991406,2.599620214,0,0,0,1,
1032,9.817983134,0.548978313,2.674346270,0,0,0,1,
1033,9.864015905,0.276971713,2.806393886,0,0,0,1,
1034,9.897774178,0.050326815,2.944238812,0,0,0,1,
1035,9.899707032,-0.161394347,3.075793428,0,0,0,1,
1036,9.860453102,-0.326021186,3.129093767,0,0,0,1,
1037,9.798895796,-0.468084403,3.160690238,0,0,0,1,
1038,9.751999703,-0.597412123,3.209013432,0,0,0,1,
1039,9.719794660,-0.743131674,3.311296137,0,0,0,1,
1040,9.672470723,-0.889759355,3.448137335,0,0,0,1,
1041,9.596262402,-1.057081788,3.644084624,0,0,0,1,
1042,9.508162886,-1.180614643,3.762701192,0,0,0,1,
1043,9.440947777,-1.274712446,3.845320762,0,0,0,1,
1044,9.342384152,-1.372713789,3.903855824,0,0,0,1,
1045,9.215489091,-1.469825404,4.000833602,0,0,0,1,
1046,9.069826399,-1.563392150,4.163659800,0,0,0,1,
1047,8.950905079,-1.681450021,4.355444409,0,0,0,1,
1048,8.818602751,-1.848853404,4.434898455,0,0,0,1,
1049,8.656644509,-1.987626719,4.503311693,0,0,0,1,
1050,8.530777594,-2.048056840,4.523312171,0,0,0,1,
1051,8.366742122,-2.136126695,4.524551298,0,0,0,1,
1052,8.151442643,-2.290143543,4.590960815,0,0,0,1,
1053,8.022319619,-2.366293812,4.697918978,0,0,0,1,
1054,7.924110219,-2.451409267,4.809835201,0,0,0,1,
1055,7.819795144,-2.546982816,4.844913357,0,0,0,1,
1056,7.706530915,-2.603889722,4.864993805,0,0,0,1,
1057,7.588737841,-2.691530739,4.922808119,0,0,0,1,
1058,7.480735670,-2.880374417,4.982795474,0,0,0,1,
1059,7.399367410,-3.178288263,5.089052555,0,0,0,1,
1060,7.272055658,-3.349733171,5.184225705,0,0,0,1,
1061,7.168810711,-3.462173026,5.258914153,0,0,0,1,
1062,7.062884031,-3.629816905,5.311070473,0,0,0,1,
1063,7.006834471,-3.795559177,5.338681565,0,0,0,1,
1064,6.957902574,-3.911913434,5.352697565,0,0,0,1,
1065,6.886004049,-4.104355397,5.374663652,0,0,0,1,
1066,6.837606367,-4.258655840,5.366474820,0,0,0,1,
1067,6.843701189,-4.408453476,5.356952121,0,0,0,1,
1068,6.913126548,-4.559679496,5.356523866,0,0,0,1,
1069,6.967877171,-4.645611923,5.354576987,0,0,0,1,
1070,7.029707763,-4.721306523,5.353229859,0,0,0,1,
1071,7.120294881,-4.816959586,5.355744571,0,0,0,1,
1072,7.202392382,-4.904015965,5.363211499,0,0,0,1,
1073,7.294892048,-4.996373701,5.367647513,0,0,0,1,
1074,7.402736718,-5.109729200,5.371333941,0,0,0,1,
1075,7.555611664,-5.241426350,5.362971173,0,0,0,1,
1076,7.641682667,-5.298946617,5.350829311,0,0,0,1,
1077,7.734190519,-5.346491449,5.336056832,0,0,0,1,
1078,7.880033646,-5.409845066,5.312703384,0,0,0,1,
1079,8.024290963,-5.480910717,5.289747133,0,0,0,1,
1080,8.190000238,-5.577339154,5.254058372,0,0,0,1,
1081,8.291713986,-5.656977957,5.226344304,0,0,0,1,
1082,8.408445845,-5.755724552,5.205681147,0,0,0,1,
1083,8.508203207,-5.829975006,5.194632216,0,0,0,1,
1084,8.666418270,-5.936641607,5.189241524,0,0,0,1,
1085,8.762711820,-5.981039604,5.187715762,0,0,0,1,
1086,8.956609777,-6.090433865,5.172615084,0,0,0,1,
1087,9.051497546,-6.156787894,5.155577884,0,0,0,1,
1088,9.178023595,-6.243076028,5.129342405,0,0,0,1,
1089,9.241965579,-6.292761882,5.113091864,0,0,0,1,
1090,9.308843191,-6.340325651,5.096153922,0,0,0,1,
1091,9.449785576,-6.430277266,5.061466553,0,0,0,1,
1092,9.553164102,-6.491037832,5.030180463,0,0,0,1,
1093,9.630634666,-6.535968261,5.002027498,0,0,0,1,
1094,9.685227202,-6.578364715,4.944816352,0,0,0,1,
1095,9.833503684,-6.708251414,4.870541708,0,0,0,1,
1096,9.993971430,-6.815718278,4.887902344,0,0,0,1,
1097,10.173149081,-6.947940369,4.913799940,0,0,0,1,
1098,10.357682307,-7.110193405,4.908299488,0,0,0,1,
1099,10.521426749,-7.235952118,4.877613919,0,0,0,1,
1100,10.649140539,-7.320122954,4.844697312,0,0,0,1,
1101,10.781460653,-7.396128224,4.811196219,0,0,0,1,
1102,10.911913811,-7.464406334,4.784732872,0,0,0,1,
1103,11.224749929,-7.704473702,4.688786103,0,0,0,1,
1104,11.561289415,-7.875893071,4.572820014,0,0,0,1,
1105,11.711303434,-7.935600797,4.528172449,0,0,0,1,
1106,11.839193427,-8.014841446,4.487150820,0,0,0,1,
1107,11.970248598,-8.097277148,4.444183350,0,0,0,1,
1108,12.195666511,-8.222812353,4.353777412,0,0,0,1,
1109,12.318694385,-8.303128594,4.294102489,0,0,0,1,
1110,12.427657391,-8.374585805,4.250094845,0,0,0,1,
1111,12.571048213,-8.461195458,4.186596003,0,0,0,1,
1112,12.669924604,-8.532551485,4.129845139,0,0,0,1,
1113,12.787056201,-8.622323620,4.069025002,0,0,0,1,
1114,12.915907435,-8.712680656,4.016393845,0,0,0,1,
1115,13.137037426,-8.912321662,3.965465499,0,0,0,1,
1116,13.324622730,-9.080746071,3.902513107,0,0,0,1,
1117,13.408516841,-9.159153351,3.867850514,0,0,0,1,
1118,13.500093493,-9.261392040,3.826259682,0,0,0,1,
1119,13.631929949,-9.477298880,3.769761166,0,0,0,1,
1120,13.695571953,-9.588045900,3.737177275,0,0,0,1,
1121,13.793244265,-9.737304483,3.687450127,0,0,0,1,
1122,13.904359646,-9.827819728,3.649616631,0,0,0,1,
1123,14.081293408,-9.893601687,3.604246473,0,0,0,1,
1124,14.392770287,-9.904001348,3.516048618,0,0,0,1,
1125,14.486322784,-9.878200878,3.489427205,0,0,0,1,
1126,14.684596780,-9.751477195,3.437515939,0,0,0,1,
1127,14.766882153,-9.658999011,3.405521429,0,0,0,1,
1128,14.855279959,-9.538536392,3.352991596,0,0,0,1,
1129,14.924685550,-9.433763302,3.302960164,0,0,0,1,
1130,15.027097874,-9.300103842,3.222072142,0,0,0,1,
1131,15.081608733,-9.235836165,3.180694851,0,0,0,1,
1132,15.132756856,-9.165284485,3.138498294,0,0,0,1,
1133,15.233540200,-9.005514164,3.068183818,0,0,0,1,
1134,15.275179431,-8.927734041,3.036264567,0,0,0,1,
1135,15.315154227,-8.853207604,3.004696236,0,0,0,1,
1136,15.353621902,-8.786823219,2.972566408,0,0,0,1,
1137,15.417507991,-8.670016589,2.908244523,0,0,0,1,
1138,15.476142081,-8.572828622,2.824621860,0,0,0,1,
1139,15.512554189,-8.518160076,2.782355916,0,0,0,1,
1140,15.595653715,-8.383786205,2.672216611,0,0,0,1,
1141,15.708939109,-8.203069875,2.519723914,0,0,0,1,
1142,15.761720733,-8.116254469,2.454207371,0,0,0,1,
1143,15.848173586,-7.999167193,2.361099686,0,0,0,1,
1144,15.898853304,-7.935408127,2.319047414,0,0,0,1,
1145,16.004774506,-7.813268207,2.234203557,0,0,0,1,
1146,16.091884687,-7.723902782,2.163440227,0,0,0,1,
1147,16.209726013,-7.593906558,2.068740201,0,0,0,1,
1148,16.289793395,-7.490336588,1.996379271,0,0,0,1,
1149,16.391717844,-7.361232888,1.895857450,0,0,0,1,
1150,16.467249154,-7.267784209,1.812795362,0,0,0,1,
1151,16.582917179,-7.140199655,1.697468581,0,0,0,1,
1152,16.694310598,-7.008911803,1.589958679,0,0,0,1,
1153,16.794673328,-6.907377681,1.516940256,0,0,0,1,
1154,17.013898354,-6.625657099,1.369453200,0,0,0,1,
1155,17.076653900,-6.451133987,1.321337395,0,0,0,1,
1156,17.120383173,-6.316486359,1.300209295,0,0,0,1,
1157,17.158532435,-6.180619365,1.285714603,0,0,0,1,
1158,17.200744444,-5.998126140,1.268901362,0,0,0,1,
1159,17.213868827,-5.901948527,1.262475886,0,0,0,1,
1160,17.218275300,-5.809600790,1.258853826,0,0,0,1,
1161,17.209896216,-5.722016885,1.259883484,0,0,0,1,
1162,17.190938916,-5.639057916,1.264436761,0,0,0,1,
1163,17.139156644,-5.523072915,1.273172364,0,0,0,1,
1164,17.087626571,-5.451450802,1.277388351,0,0,0,1,
1165,17.038593172,-5.382340211,1.270174782,0,0,0,1,
1166,16.998570454,-5.306640273,1.251334138,0,0,0,1,
1167,16.933408057,-5.173956716,1.227798568,0,0,0,1,
1168,16.855583117,-5.038595962,1.218840585,0,0,0,1,
1169,16.766981379,-4.893572397,1.229167699,0,0,0,1,
1170,16.665501832,-4.775668063,1.252083666,0,0,0,1,
1171,16.551052390,-4.645725822,1.272623445,0,0,0,1,
1172,16.477990650,-4.544920541,1.276832247,0,0,0,1,
1173,16.379168324,-4.417531015,1.286210702,0,0,0,1,
1174,16.174226482,-4.250618661,1.343424734,0,0,0,1,
1175,15.973737799,-4.044497144,1.413822656,0,0,0,1,
1176,15.875115787,-3.961918756,1.439991917,0,0,0,1,
1177,15.776445755,-3.876153503,1.468933144,0,0,0,1,
1178,15.598426155,-3.684844332,1.548957687,0,0,0,1,
1179,15.521544375,-3.603724388,1.584063074,0,0,0,1,
1180,15.398531313,-3.499663015,1.632829548,0,0,0,1,
1181,15.294940548,-3.412006720,1.659921673,0,0,0,1,
1182,15.163383161,-3.291117473,1.679387068,0,0,0,1,
1183,15.031348202,-3.150247022,1.698364305,0,0,0,1,
1184,14.912151433,-3.012490767,1.725557227,0,0,0,1,
1185,14.765085546,-2.845656952,1.772228835,0,0,0,1,
1186,14.690004814,-2.763356414,1.790283210,0,0,0,1,
1187,14.597498004,-2.671773195,1.816277870,0,0,0,1,
1188,14.409855432,-2.460411262,1.885060027,0,0,0,1,
1189,14.327434121,-2.358328988,1.922321194,0,0,0,1,
1190,14.212290274,-2.238295976,1.964247516,0,0,0,1,
1191,14.124972181,-2.159280241,1.982949081,0,0,0,1,
1192,14.032161458,-2.061763989,2.000002386,0,0,0,1,
1193,13.939805561,-1.931108048,2.042970186,0,0,0,1,
1194,13.863317777,-1.817180391,2.075875572,0,0,0,1,
